 0.0571673
 0.0572991
 0.0575609
 0.0579495
 0.0584602
 0.0590872
 0.0598238
 0.0606631
  0.061598
  0.062622
 0.0637296
 0.0649167
 0.0661811
 0.0675229
 0.0689445
 0.0704515
 0.0720522
 0.0737581
 0.0755835
 0.0775459
 0.0796651
 0.0819636
 0.0844659
 0.0871983
 0.0901883
 0.0934647
  0.097057
  0.100996
  0.105311
  0.110037
  0.115206
  0.120855
  0.127026
  0.133768
   0.14114
  0.149215
  0.158091
  0.167898
  0.178808
  0.191061
  0.204986
  0.221043
  0.239874
   0.26237
  0.289731
  0.323414
  0.364576
  0.411776
  0.454525
  0.466356
  0.423859
  0.337748
  0.245337
   0.16896
  0.110904
 0.0671065
 0.0334102
0.00677317
-0.0148626
-0.0328725
-0.0481836
-0.0614302
-0.0730541
-0.0833682
 -0.092598
 -0.100909
 -0.108425
 -0.115241
 -0.121433
 -0.127062
 -0.132179
  -0.13683
 -0.141055
 -0.144892
 -0.148376
 -0.151542
  -0.15442
 -0.157041
 -0.159434
 -0.161626
 -0.163642
 -0.165504
 -0.167232
 -0.168844
 -0.170354
 -0.171772
 -0.173108
 -0.174367
 -0.175551
 -0.176662
 -0.177696
 -0.178652
 -0.179523
 -0.180304
 -0.180989
 -0.181572
 -0.182046
 -0.182407
  -0.18265
 -0.182772
         0
         0
