 0.0106174
 0.0119262
 0.0144209
 0.0178811
 0.0220324
 0.0265932
 0.0313121
 0.0359903
 0.0404873
 0.0447161
 0.0486328
 0.0522251
 0.0555024
 0.0584882
 0.0612148
 0.0637192
  0.066042
 0.0682249
  0.070311
 0.0723438
 0.0743673
 0.0764257
 0.0785631
 0.0808238
 0.0832517
 0.0858906
 0.0887835
 0.0919735
 0.0955032
 0.0994156
  0.103755
  0.108568
  0.113904
  0.119821
  0.126386
  0.133682
  0.141814
  0.150919
  0.161181
  0.172848
  0.186266
   0.20191
  0.220452
  0.242827
  0.270312
  0.304504
  0.346828
  0.396334
  0.443282
  0.461613
  0.426699
  0.347303
  0.259387
  0.185589
  0.128914
 0.0857995
 0.0523656
 0.0257206
0.00389041
 -0.014451
-0.0301996
-0.0439688
-0.0561851
-0.0671492
-0.0770765
-0.0861232
-0.0944047
 -0.102008
 -0.108998
  -0.11543
 -0.121344
 -0.126776
 -0.131757
 -0.136313
 -0.140467
  -0.14424
  -0.14765
 -0.150712
 -0.153439
 -0.155839
 -0.157917
 -0.159675
  -0.16111
 -0.162213
 -0.162974
 -0.163377
 -0.163406
 -0.163045
 -0.162283
 -0.161119
  -0.15957
 -0.157679
 -0.155521
 -0.153209
 -0.150889
 -0.148721
 -0.146854
   -0.1454
  -0.14442
 -0.143931
         0
0.00488093
