  -0.151524
  -0.152147
  -0.153312
  -0.154873
  -0.156651
  -0.158458
  -0.160124
  -0.161509
  -0.162504
  -0.163034
   -0.16305
  -0.162526
  -0.161451
  -0.159825
  -0.157657
  -0.154959
  -0.151746
  -0.148034
   -0.14384
  -0.139177
   -0.13406
  -0.128501
   -0.12251
  -0.116094
  -0.109262
  -0.102017
 -0.0943625
 -0.0863001
 -0.0778286
 -0.0689443
 -0.0596399
 -0.0499035
 -0.0397164
 -0.0290508
 -0.0178657
-0.00610165
 0.00632674
  0.0195415
  0.0337168
  0.0491014
  0.0660517
  0.0850812
   0.106935
   0.132699
    0.16394
   0.202839
   0.251991
   0.312741
    0.37909
   0.427708
   0.429324
   0.383735
   0.320089
   0.262004
    0.21577
   0.180206
   0.152788
   0.131366
   0.114372
   0.100708
  0.0896076
  0.0805319
  0.0730933
  0.0670093
  0.0620684
  0.0581088
  0.0550023
  0.0526444
  0.0509461
  0.0498288
  0.0492207
   0.049054
  0.0492632
  0.0497838
  0.0505516
  0.0515028
  0.0525733
  0.0536994
  0.0548178
  0.0558663
  0.0567842
  0.0575129
  0.0579969
  0.0581842
  0.0580277
  0.0574859
  0.0565248
  0.0551195
  0.0532567
  0.0509378
  0.0481831
  0.0450365
  0.0415709
  0.0378939
  0.0341509
  0.0305252
    0.02723
  0.0244917
  0.0225233
  0.0214928
          0
 -0.0140205
