 -0.0875976
 -0.0886676
 -0.0907166
 -0.0935808
 -0.0970536
  -0.100917
  -0.104969
  -0.109038
  -0.112989
  -0.116726
  -0.120182
  -0.123316
  -0.126105
  -0.128538
  -0.130612
   -0.13233
  -0.133694
  -0.134707
  -0.135372
  -0.135688
  -0.135649
  -0.135251
  -0.134482
  -0.133331
  -0.131781
  -0.129814
  -0.127409
  -0.124543
  -0.121189
  -0.117319
    -0.1129
  -0.107892
  -0.102249
 -0.0959164
 -0.0888223
 -0.0808752
 -0.0719538
 -0.0618948
 -0.0504735
 -0.0373772
 -0.0221629
-0.00419378
  0.0174605
  0.0441789
  0.0780208
   0.122017
   0.180279
    0.25672
   0.348685
   0.433279
   0.473083
   0.458033
   0.412498
   0.363242
   0.320604
   0.285828
   0.257611
   0.234406
   0.214954
   0.198326
   0.183853
    0.17106
   0.159602
   0.149231
   0.139763
   0.131062
   0.123023
   0.115564
   0.108621
   0.102135
  0.0960592
  0.0903466
  0.0849546
  0.0798409
  0.0749637
  0.0702808
  0.0657499
  0.0613281
  0.0569729
  0.0526417
  0.0482927
  0.0438853
  0.0393805
   0.034742
  0.0299362
  0.0249344
  0.0197129
  0.0142561
 0.00855809
 0.00262679
-0.00351175
-0.00980737
 -0.0161789
 -0.0225069
 -0.0286279
 -0.0343323
 -0.0393717
 -0.0434768
 -0.0463896
 -0.0479037
          0
 0.00189294
