  -0.103793
  -0.104808
  -0.106748
  -0.109448
  -0.112701
  -0.116289
  -0.120008
  -0.123689
  -0.127196
  -0.130432
  -0.133331
  -0.135852
  -0.137973
  -0.139683
  -0.140981
  -0.141872
  -0.142361
  -0.142454
  -0.142156
   -0.14147
  -0.140397
  -0.138935
  -0.137078
  -0.134818
  -0.132146
  -0.129049
  -0.125511
  -0.121514
  -0.117038
   -0.11206
  -0.106551
   -0.10048
 -0.0938048
 -0.0864763
 -0.0784293
 -0.0695782
 -0.0598081
 -0.0489628
 -0.0368261
  -0.023095
-0.00733991
  0.0110579
  0.0330018
  0.0598272
  0.0935202
   0.136981
    0.19408
   0.268303
   0.356386
   0.435206
    0.46854
   0.448005
   0.398985
   0.347874
   0.304366
   0.269282
   0.241097
   0.218144
   0.199101
   0.183003
   0.169159
   0.157077
   0.146403
   0.136879
   0.128316
   0.120569
    0.11353
   0.107111
    0.10124
  0.0958549
  0.0909018
  0.0863295
  0.0820894
  0.0781337
  0.0744148
  0.0708852
  0.0674967
  0.0642011
  0.0609504
  0.0576967
   0.054393
  0.0509939
  0.0474556
  0.0437374
  0.0398021
  0.0356173
  0.0311566
  0.0264021
  0.0213466
  0.0159975
  0.0103812
 0.00454912
-0.00141557
-0.00739083
 -0.0132103
 -0.0186625
 -0.0234977
  -0.027447
 -0.0302539
 -0.0317143
          0
-0.00147586
