  0.0474017
  0.0473482
  0.0472251
  0.0470029
  0.0466425
  0.0461004
  0.0453332
  0.0443013
  0.0429716
  0.0413185
  0.0393247
  0.0369816
  0.0342888
  0.0312536
  0.0278909
  0.0242228
  0.0202775
  0.0160896
   0.011699
 0.00715053
 0.00249362
-0.00221866
-0.00692993
 -0.0115811
 -0.0161111
 -0.0204568
 -0.0245542
 -0.0283379
 -0.0317414
  -0.034697
 -0.0371348
  -0.038982
 -0.0401607
 -0.0405857
 -0.0401604
 -0.0387715
 -0.0362808
 -0.0325141
 -0.0272447
 -0.0201684
 -0.0108661
 0.00125318
  0.0170429
  0.0377591
   0.065273
   0.102344
   0.152743
   0.220175
   0.302648
   0.380062
   0.418586
   0.408188
   0.369488
   0.326146
   0.287623
    0.25527
   0.228091
   0.204808
    0.18437
      0.166
   0.149143
   0.133408
   0.118522
   0.104293
  0.0905904
  0.0773226
  0.0644294
  0.0518711
  0.0396232
  0.0276717
    0.01601
 0.00463659
-0.00644684
 -0.0172362
  -0.027726
 -0.0379096
 -0.0477799
 -0.0573289
 -0.0665484
 -0.0754295
 -0.0839626
 -0.0921377
 -0.0999438
   -0.10737
  -0.114403
   -0.12103
   -0.12724
  -0.133017
  -0.138351
  -0.143229
  -0.147641
  -0.151579
   -0.15504
  -0.158025
  -0.160538
   -0.16259
  -0.164197
  -0.165378
  -0.166152
  -0.166535
          0
  0.0238452
