  -0.118624
  -0.119567
  -0.121363
  -0.123848
  -0.126818
  -0.130057
  -0.133365
  -0.136575
  -0.139554
  -0.142207
   -0.14447
  -0.146304
  -0.147688
  -0.148614
  -0.149083
    -0.1491
  -0.148674
  -0.147814
  -0.146527
  -0.144822
  -0.142701
  -0.140168
  -0.137221
  -0.133858
  -0.130074
   -0.12586
  -0.121208
  -0.116103
  -0.110533
  -0.104477
 -0.0979155
 -0.0908199
 -0.0831562
 -0.0748799
  -0.065932
 -0.0562336
  -0.045677
 -0.0341138
 -0.0213374
-0.00705679
 0.00914195
  0.0278551
  0.0499526
   0.076717
   0.110045
   0.152683
    0.20822
   0.279661
   0.363095
    0.43526
   0.461397
   0.434987
   0.382398
   0.329491
   0.285212
   0.249924
   0.221863
   0.199242
   0.180678
   0.165169
   0.152004
   0.140677
   0.130825
   0.122183
   0.114553
   0.107788
   0.101772
  0.0964119
  0.0916317
  0.0873645
  0.0835504
  0.0801334
  0.0770598
  0.0742766
  0.0717312
  0.0693709
  0.0671425
   0.064993
  0.0628693
  0.0607189
  0.0584901
  0.0561332
  0.0536005
  0.0508473
   0.047833
  0.0445221
   0.040886
  0.0369044
  0.0325689
  0.0278857
  0.0228809
   0.017606
  0.0121443
 0.00661813
  0.0011933
-0.00391999
-0.00847489
 -0.0122069
 -0.0148648
 -0.0162492
          0
-0.00484761
