   -0.163699
   -0.163625
   -0.163443
   -0.163086
   -0.162477
   -0.161536
   -0.160194
   -0.158395
     -0.1561
   -0.153287
   -0.149944
   -0.146069
   -0.141669
   -0.136756
   -0.131343
   -0.125446
   -0.119084
   -0.112273
    -0.10503
  -0.0973702
  -0.0893097
  -0.0808621
  -0.0720404
  -0.0628564
  -0.0533211
  -0.0434444
  -0.0332355
  -0.0227021
  -0.0118508
-0.000686329
   0.0107894
   0.0225781
    0.034687
   0.0471311
   0.0599366
   0.0731454
   0.0868215
     0.10106
       0.116
    0.131843
    0.148875
     0.16751
    0.188335
    0.212183
    0.240196
    0.273811
    0.314302
    0.360778
    0.404352
    0.421361
    0.389653
    0.317529
    0.238111
    0.172159
    0.122411
   0.0855848
   0.0581117
   0.0373291
   0.0214118
  0.00912657
-0.000368305
 -0.00765788
  -0.0131579
  -0.0171708
  -0.0199227
  -0.0215874
   -0.022303
  -0.0221832
  -0.0213248
  -0.0198139
   -0.017729
  -0.0151441
  -0.0121303
 -0.00875708
 -0.00509261
 -0.00120445
  0.00284067
    0.006977
   0.0111401
   0.0152675
   0.0192987
   0.0231765
   0.0268471
   0.0302611
   0.0333737
   0.0361464
   0.0385467
   0.0405501
   0.0421407
   0.0433125
   0.0440716
   0.0444375
   0.0444456
   0.0441486
   0.0436172
   0.0429396
   0.0422162
   0.0415523
   0.0410452
   0.0407709
           0
  -0.0207656
