   -0.131707
   -0.132561
   -0.134179
   -0.136403
   -0.139032
   -0.141856
   -0.144682
   -0.147347
   -0.149726
   -0.151726
   -0.153289
   -0.154378
   -0.154974
   -0.155072
   -0.154675
    -0.15379
    -0.15243
   -0.150605
   -0.148326
   -0.145604
   -0.142446
   -0.138859
   -0.134846
   -0.130408
   -0.125546
   -0.120255
   -0.114531
   -0.108366
   -0.101751
  -0.0946733
  -0.0871157
  -0.0790569
  -0.0704679
  -0.0613102
  -0.0515309
  -0.0410578
  -0.0297906
  -0.0175896
 -0.00425864
     0.01048
   0.0270221
   0.0459385
   0.0680605
   0.0946096
    0.127382
    0.168946
    0.222581
    0.290767
    0.368919
    0.433707
    0.452062
    0.419475
    0.363259
    0.308613
    0.263649
    0.228239
    0.200371
     0.17814
    0.160098
    0.145213
    0.132752
    0.122199
    0.113181
    0.105426
   0.0987318
   0.0929454
   0.0879464
   0.0836374
   0.0799372
   0.0767745
   0.0740848
   0.0718077
   0.0698848
   0.0682586
    0.066872
   0.0656678
   0.0645884
   0.0635765
   0.0625748
   0.0615266
   0.0603767
   0.0590713
   0.0575596
   0.0557936
   0.0537298
   0.0513303
   0.0485641
   0.0454092
   0.0418555
   0.0379081
   0.0335916
   0.0289564
   0.0240842
   0.0190949
   0.0141509
  0.00945718
  0.00525382
  0.00179696
-0.000670977
 -0.00195819
           0
 -0.00812828
