  -0.162071
  -0.162387
  -0.162954
  -0.163657
  -0.164354
  -0.164901
  -0.165166
  -0.165045
   -0.16446
  -0.163356
  -0.161704
  -0.159488
  -0.156708
  -0.153369
  -0.149485
   -0.14507
  -0.140143
  -0.134723
  -0.128826
  -0.122472
  -0.115674
   -0.10845
  -0.100811
 -0.0927711
 -0.0843399
  -0.075527
 -0.0663407
 -0.0567873
 -0.0468715
 -0.0365959
 -0.0259596
 -0.0149577
-0.00357925
 0.00819542
  0.0203979
   0.033077
  0.0463052
  0.0601887
  0.0748814
  0.0906046
   0.107676
   0.126554
   0.147896
   0.172651
   0.202157
   0.238196
   0.282666
   0.335748
   0.389986
   0.422013
   0.406413
   0.347387
   0.275982
   0.214212
   0.166495
   0.130571
   0.103389
  0.0825468
  0.0663501
   0.053637
  0.0436058
  0.0356954
  0.0295048
  0.0247418
  0.0211875
  0.0186733
  0.0170655
   0.016254
  0.0161447
  0.0166541
  0.0177057
  0.0192272
  0.0211488
  0.0234019
  0.0259187
  0.0286317
  0.0314739
  0.0343787
  0.0372805
  0.0401149
  0.0428195
  0.0453345
  0.0476034
  0.0495734
   0.051197
  0.0524322
  0.0532442
  0.0536071
  0.0535052
  0.0529358
  0.0519125
  0.0504684
  0.0486606
  0.0465737
  0.0443227
  0.0420518
  0.0399282
  0.0381286
  0.0368186
  0.0361277
          0
 -0.0184066
