  -0.163936
  -0.164068
  -0.164278
  -0.164475
  -0.164546
  -0.164374
  -0.163858
  -0.162914
  -0.161484
  -0.159528
  -0.157026
  -0.153968
  -0.150359
  -0.146207
  -0.141526
  -0.136332
  -0.130644
  -0.124479
  -0.117856
  -0.110792
  -0.103303
 -0.0954037
 -0.0871079
 -0.0784283
 -0.0693763
  -0.059962
 -0.0501945
 -0.0400816
 -0.0296293
 -0.0188418
-0.00772027
  0.0037382
  0.0155422
  0.0277084
  0.0402653
  0.0532576
  0.0667529
  0.0808511
  0.0956978
   0.111503
   0.128568
   0.147325
   0.168396
   0.192666
    0.22137
   0.256106
   0.298446
   0.348016
   0.396633
   0.420826
   0.396922
   0.331239
   0.255839
   0.192043
   0.143391
   0.107097
  0.0798494
  0.0591151
  0.0431356
   0.030714
  0.0210293
  0.0135087
 0.00774433
 0.00343873
0.000369453
-0.00163472
-0.00270991
 -0.0029682
-0.00250543
-0.00140656
0.000250497
 0.00239225
 0.00494785
 0.00784796
  0.0110241
  0.0144084
  0.0179335
  0.0215328
  0.0251408
  0.0286936
  0.0321294
  0.0353891
  0.0384171
  0.0411618
  0.0435767
  0.0456209
  0.0472605
  0.0484698
  0.0492327
  0.0495448
  0.0494157
  0.0488721
  0.0479607
  0.0467513
  0.0453382
  0.0438395
  0.0423919
  0.0411388
  0.0402143
  0.0397232
          0
 -0.0198581
