  -0.157965
  -0.158444
  -0.159328
  -0.160486
  -0.161753
   -0.16296
  -0.163955
  -0.164612
  -0.164838
  -0.164567
  -0.163758
  -0.162392
  -0.160462
   -0.15797
  -0.154929
  -0.151352
  -0.147257
   -0.14266
  -0.137578
   -0.13203
  -0.126029
   -0.11959
  -0.112725
  -0.105445
 -0.0977581
 -0.0896731
 -0.0811955
 -0.0723297
 -0.0630779
 -0.0534399
 -0.0434123
 -0.0329869
 -0.0221494
 -0.0108763
0.000868134
  0.0131377
  0.0260109
  0.0396015
   0.054073
  0.0696599
  0.0866988
   0.105674
   0.127288
   0.152554
   0.182925
   0.220378
   0.267156
    0.32402
   0.384243
   0.424498
   0.417474
   0.365182
   0.297701
   0.237827
   0.190904
   0.155209
   0.127959
   0.106876
    0.09033
  0.0771927
  0.0666802
  0.0582422
  0.0514847
  0.0461202
  0.0419334
  0.0387589
  0.0364657
   0.034946
  0.0341081
  0.0338706
  0.0341591
  0.0349031
  0.0360346
  0.0374867
   0.039193
  0.0410873
  0.0431037
  0.0451765
  0.0472409
  0.0492332
  0.0510912
  0.0527554
  0.0541691
  0.0552797
  0.0560392
  0.0564057
  0.0563444
  0.0558294
  0.0548462
  0.0533941
  0.0514903
  0.0491737
  0.0465102
  0.0435971
  0.0405664
   0.037584
  0.0348428
  0.0325469
  0.0308882
  0.0300172
          0
  -0.016442
