  -0.142741
  -0.143488
  -0.144897
  -0.146813
  -0.149044
   -0.15139
  -0.153668
  -0.155723
  -0.157438
  -0.158728
  -0.159538
  -0.159837
  -0.159608
  -0.158851
  -0.157569
  -0.155774
  -0.153479
  -0.150697
  -0.147443
  -0.143728
  -0.139565
  -0.134963
  -0.129928
  -0.124466
  -0.118581
  -0.112273
  -0.105542
 -0.0983852
 -0.0907976
 -0.0827712
 -0.0742944
 -0.0653506
 -0.0559162
 -0.0459584
 -0.0354303
 -0.0242663
 -0.0123736
0.000378525
  0.0141754
  0.0292803
  0.0460696
  0.0650863
  0.0871192
   0.113324
   0.145384
   0.185679
   0.237153
   0.301729
   0.374124
   0.430995
   0.441127
   0.402127
    0.34223
   0.285872
   0.240274
   0.204786
   0.177148
   0.155329
   0.137823
   0.123564
   0.111803
   0.102011
  0.0938084
  0.0869169
  0.0811299
  0.0762892
  0.0722706
  0.0689727
  0.0663102
  0.0642078
  0.0625971
  0.0614136
   0.060595
    0.06008
  0.0598076
  0.0597168
  0.0597465
  0.0598355
  0.0599234
  0.0599501
  0.0598573
  0.0595885
  0.0590899
  0.0583113
  0.0572069
  0.0557368
  0.0538682
  0.0515774
  0.0488528
  0.0456977
   0.042135
  0.0382122
  0.0340079
  0.0296368
  0.0252547
  0.0210577
  0.0172747
  0.0141492
  0.0119112
  0.0107419
          0
 -0.0112188
