 -0.0792136
 -0.0776768
 -0.0747157
 -0.0705302
 -0.0653678
 -0.0594836
 -0.0531097
 -0.0464385
 -0.0396181
 -0.0327553
 -0.0259217
 -0.0191614
 -0.0124977
-0.00593885
0.000518341
 0.00688484
  0.0131775
  0.0194173
  0.0256285
  0.0318376
  0.0380728
  0.0443636
  0.0507401
  0.0572329
  0.0638726
  0.0706899
  0.0777149
  0.0849776
   0.092508
   0.100336
   0.108493
   0.117014
   0.125934
     0.1353
   0.145165
   0.155599
   0.166693
   0.178572
   0.191401
   0.205411
   0.220922
   0.238377
   0.258397
   0.281833
    0.30982
   0.343682
    0.38432
   0.429793
   0.468806
   0.474333
    0.42408
   0.330842
   0.233568
   0.154454
  0.0950853
  0.0508721
  0.0173504
-0.00869296
 -0.0294147
 -0.0462494
 -0.0601619
 -0.0718123
 -0.0816608
 -0.0900342
 -0.0971691
   -0.10324
   -0.10838
   -0.11269
  -0.116252
  -0.119133
   -0.12139
  -0.123071
  -0.124222
  -0.124883
  -0.125091
  -0.124881
  -0.124286
  -0.123334
  -0.122052
  -0.120465
  -0.118593
  -0.116451
  -0.114054
  -0.111411
  -0.108527
  -0.105406
   -0.10205
 -0.0984597
 -0.0946405
 -0.0906024
 -0.0863663
 -0.0819693
 -0.0774713
 -0.0729616
 -0.0685642
 -0.0644394
 -0.0607778
 -0.0577853
 -0.0556579
  -0.054551
          0
-0.00781722
