  -0.161496
  -0.161201
  -0.160594
  -0.159645
  -0.158315
  -0.156569
  -0.154373
  -0.151703
  -0.148543
  -0.144886
  -0.140731
  -0.136083
  -0.130952
  -0.125348
  -0.119288
  -0.112784
  -0.105853
 -0.0985103
 -0.0907697
 -0.0826452
 -0.0741498
 -0.0652953
 -0.0560929
 -0.0465527
 -0.0366841
 -0.0264959
 -0.0159958
 -0.0051909
   0.005913
  0.0173117
  0.0290035
    0.04099
  0.0532783
  0.0658827
  0.0788284
  0.0921559
   0.105927
   0.120234
   0.135212
   0.151053
   0.168037
   0.186559
   0.207183
   0.230698
   0.258171
   0.290901
   0.329907
   0.373835
   0.413131
   0.423848
   0.385067
   0.306882
   0.223506
     0.1553
   0.104302
   0.066774
  0.0389056
  0.0179063
 0.00188373
 -0.0104332
 -0.0199079
 -0.0271385
 -0.0325491
 -0.0364476
 -0.0390635
  -0.040573
 -0.0411159
  -0.040807
 -0.0397437
 -0.0380125
  -0.035692
 -0.0328559
 -0.0295748
 -0.0259175
 -0.0219513
 -0.0177425
 -0.0133563
-0.00885689
-0.00430671
0.000233802
 0.00470679
 0.00905754
  0.0132351
  0.0171929
  0.0208893
  0.0242885
  0.0273606
   0.030083
  0.0324406
  0.0344266
  0.0360434
  0.0373035
    0.03823
  0.0388569
  0.0392294
  0.0394015
  0.0394339
  0.0393886
  0.0393217
  0.0392765
          0
 -0.0211232
