  -0.134021
  -0.132853
  -0.130587
  -0.127348
  -0.123286
  -0.118553
  -0.113281
  -0.107579
  -0.101527
 -0.0951822
 -0.0885836
 -0.0817567
 -0.0747174
 -0.0674752
 -0.0600352
 -0.0523994
 -0.0445677
 -0.0365386
  -0.028309
 -0.0198751
 -0.0112321
-0.00237475
 0.00670279
  0.0160066
  0.0255431
  0.0353185
  0.0453392
  0.0556119
  0.0661434
  0.0769414
  0.0880154
  0.0993773
   0.111044
   0.123038
   0.135393
   0.148157
   0.161398
   0.175213
   0.189742
   0.205181
   0.221807
   0.240007
   0.260324
   0.283501
   0.310504
   0.342407
   0.379743
   0.420118
    0.45209
   0.449907
   0.394173
   0.299213
   0.203165
   0.126513
  0.0699153
    0.02849
-0.00227217
 -0.0255611
 -0.0435002
 -0.0574968
 -0.0684971
 -0.0771504
 -0.0839125
 -0.0891108
 -0.0929865
 -0.0957216
 -0.0974581
 -0.0983099
 -0.0983717
 -0.0977253
 -0.0964429
 -0.0945911
 -0.0922318
 -0.0894239
 -0.0862242
 -0.0826871
 -0.0788651
 -0.0748086
 -0.0705654
 -0.0661804
  -0.061695
 -0.0571467
 -0.0525689
 -0.0479902
 -0.0434344
 -0.0389205
 -0.0344629
 -0.0300723
 -0.0257566
 -0.0215231
 -0.0173813
 -0.0133462
-0.00944341
-0.00571418
   -0.00222
0.000954747
  0.0037048
 0.00591252
 0.00746316
 0.00826435
          0
 -0.0175684
