 -0.0948091
 -0.0933048
 -0.0904038
 -0.0862968
 -0.0812189
   -0.07541
 -0.0690869
 -0.0624279
 -0.0555686
 -0.0486063
 -0.0416056
 -0.0346066
 -0.0276306
 -0.0206857
 -0.0137703
-0.00687622
9.68957e-06
   0.006904
  0.0138258
  0.0207963
  0.0278377
  0.0349736
  0.0422279
  0.0496248
  0.0571889
  0.0649442
  0.0729148
  0.0811244
  0.0895968
  0.0983561
   0.107428
   0.116839
   0.126623
   0.136817
    0.14747
   0.158645
   0.170429
   0.182936
   0.196325
   0.210819
   0.226722
   0.244463
   0.264638
   0.288064
   0.315815
   0.349126
   0.388741
   0.432476
   0.468781
   0.470767
   0.417104
   0.321487
    0.22311
   0.143725
  0.0845107
  0.0406672
 0.00763741
 -0.0178323
 -0.0379168
 -0.0540598
 -0.0672313
 -0.0780951
 -0.0871147
 -0.0946201
  -0.100851
  -0.105987
  -0.110163
  -0.113485
   -0.11604
  -0.117898
  -0.119122
  -0.119765
  -0.119878
  -0.119505
   -0.11869
  -0.117473
  -0.115891
   -0.11398
  -0.111772
  -0.109296
  -0.106577
  -0.103639
  -0.100497
 -0.0971676
 -0.0936594
 -0.0899793
 -0.0861319
 -0.0821206
 -0.0779505
 -0.0736311
 -0.0691809
 -0.0646329
 -0.0600408
  -0.055486
 -0.0510826
 -0.0469796
 -0.0433556
 -0.0404045
 -0.0383116
 -0.0372243
          0
 -0.0107063
