   0.0429329
   0.0426414
   0.0420628
   0.0412042
   0.0400729
   0.0386737
   0.0370074
    0.035071
    0.032859
   0.0303649
   0.0275838
   0.0245134
    0.021156
   0.0175188
   0.0136148
  0.00946291
  0.00508792
 0.000520342
 -0.00420387
 -0.00904374
  -0.0139537
  -0.0188843
  -0.0237823
  -0.0285918
  -0.0332543
  -0.0377095
  -0.0418953
  -0.0457485
  -0.0492042
  -0.0521961
  -0.0546555
  -0.0565103
  -0.0576835
  -0.0580897
  -0.0576324
  -0.0561974
  -0.0536453
  -0.0497996
  -0.0444299
  -0.0372263
  -0.0277612
  -0.0154294
 0.000645251
   0.0217573
   0.0498453
   0.0877901
    0.139589
    0.209348
    0.295643
    0.378588
    0.423241
    0.418027
     0.38267
    0.341217
    0.303743
    0.271991
     0.24517
    0.222111
    0.201816
    0.183538
    0.166741
    0.151043
    0.136177
    0.121956
    0.108249
   0.0949669
   0.0820503
   0.0694592
   0.0571689
   0.0451648
   0.0334393
   0.0219898
   0.0108166
-7.77696e-05
  -0.0106897
  -0.0210146
  -0.0310476
  -0.0407834
  -0.0502161
  -0.0593399
  -0.0681482
  -0.0766341
  -0.0847899
  -0.0926075
   -0.100078
   -0.107192
   -0.113939
   -0.120309
   -0.126291
   -0.131874
   -0.137045
   -0.141793
   -0.146104
   -0.149961
   -0.153347
   -0.156238
   -0.158607
   -0.160423
   -0.161656
   -0.162279
           0
   0.0234722
