   -0.12252
  -0.121198
  -0.118641
  -0.115002
   -0.11047
  -0.105232
 -0.0994565
 -0.0932782
 -0.0867994
  -0.080092
 -0.0732041
 -0.0661659
 -0.0589951
 -0.0517002
 -0.0442837
 -0.0367439
 -0.0290763
 -0.0212739
 -0.0133284
-0.00523027
 0.00303108
  0.0114668
  0.0200886
  0.0289082
  0.0379378
  0.0471893
  0.0566745
  0.0664053
  0.0763938
  0.0866527
  0.0971963
   0.108041
   0.119209
   0.130726
   0.142632
   0.154978
   0.167838
   0.181315
   0.195552
   0.210753
   0.227204
   0.245301
   0.265602
   0.288865
    0.31608
   0.348348
   0.386223
   0.427288
   0.459922
   0.457906
   0.401418
   0.304945
    0.20724
   0.129157
  0.0713945
  0.0290023
-0.00259798
 -0.0266464
 -0.0452997
 -0.0599865
 -0.0716668
 -0.0809983
 -0.0884419
 -0.0943277
 -0.0988978
  -0.102334
  -0.104777
   -0.10634
  -0.107114
  -0.107179
  -0.106604
  -0.105452
  -0.103781
  -0.101646
 -0.0990998
 -0.0961925
 -0.0929721
 -0.0894841
 -0.0857714
 -0.0818739
 -0.0778278
 -0.0736656
 -0.0694153
 -0.0651006
 -0.0607405
 -0.0563495
 -0.0519384
 -0.0475149
 -0.0430858
 -0.0386587
 -0.0342462
 -0.0298698
 -0.0255659
 -0.0213914
 -0.0174292
 -0.0137905
 -0.0106119
-0.00804405
-0.00623263
-0.00529435
          0
 -0.0156206
