  -0.151496
  -0.150737
  -0.149247
  -0.147074
  -0.144278
  -0.140915
  -0.137039
  -0.132692
  -0.127906
  -0.122708
  -0.117117
  -0.111149
  -0.104817
 -0.0981322
  -0.091106
 -0.0837477
 -0.0760659
 -0.0680687
 -0.0597634
 -0.0511561
 -0.0422527
 -0.0330578
 -0.0235759
 -0.0138106
-0.00376525
 0.00655733
  0.0171546
  0.0280245
  0.0391658
  0.0505783
   0.062264
  0.0742279
  0.0864796
  0.0990359
   0.111924
   0.125185
   0.138881
   0.153104
   0.167986
   0.183717
   0.200566
   0.218915
     0.2393
   0.262462
   0.289376
   0.321162
   0.358478
   0.399271
   0.432844
   0.434431
    0.38457
   0.296144
   0.205512
   0.132767
   0.078953
  0.0396006
  0.0104786
 -0.0114334
  -0.028157
 -0.0410374
 -0.0509825
 -0.0586178
 -0.0643843
 -0.0686007
 -0.0715031
 -0.0732719
 -0.0740489
 -0.0739496
 -0.0730712
 -0.0714991
   -0.06931
 -0.0665752
 -0.0633623
 -0.0597366
 -0.0557611
 -0.0514977
 -0.0470065
 -0.0423459
 -0.0375723
 -0.0327395
 -0.0278981
 -0.0230955
 -0.0183746
 -0.0137739
-0.00932686
-0.00506158
-0.00100061
   0.002839
 0.00644546
 0.00981156
  0.0129337
  0.0158101
  0.0184389
  0.0208154
  0.0229294
  0.0247628
  0.0262896
  0.0274778
  0.0282939
  0.0287099
          0
 -0.0202699
