    -0.1437
  -0.142723
  -0.140819
  -0.138077
  -0.134603
  -0.130505
  -0.125876
  -0.120793
  -0.115313
  -0.109478
  -0.103317
 -0.0968514
 -0.0900951
 -0.0830589
 -0.0757506
 -0.0681762
 -0.0603401
 -0.0522458
 -0.0438956
  -0.035291
 -0.0264326
 -0.0173207
-0.00795474
 0.00166615
  0.0115431
  0.0216774
  0.0320707
  0.0427249
  0.0536422
  0.0648263
  0.0762822
   0.088018
   0.100046
   0.112387
   0.125069
   0.138137
   0.151655
   0.165718
    0.18046
   0.196071
   0.212825
   0.231103
   0.251441
   0.274574
   0.301463
   0.333189
   0.370317
   0.410576
   0.442837
   0.441843
   0.388335
   0.296097
   0.202452
   0.127618
  0.0723668
  0.0319782
  0.0020609
 -0.0205004
 -0.0377829
 -0.0511657
  -0.061577
 -0.0696552
 -0.0758491
 -0.0804824
 -0.0837939
 -0.0859653
 -0.0871387
 -0.0874291
  -0.086933
 -0.0857341
 -0.0839072
 -0.0815215
 -0.0786422
 -0.0753316
 -0.0716499
 -0.0676556
 -0.0634053
 -0.0589535
 -0.0543527
 -0.0496524
 -0.0448988
 -0.0401346
  -0.035398
 -0.0307228
 -0.0261375
 -0.0216658
 -0.0173262
 -0.0131323
-0.00909403
-0.00521852
-0.00151222
 0.00201639
 0.00535327
 0.00847483
  0.0113441
  0.0139082
  0.0160993
  0.0178399
  0.0190536
  0.0196779
          0
 -0.0191304
