   -0.15742
  -0.156893
  -0.155844
   -0.15428
  -0.152211
  -0.149646
  -0.146594
  -0.143064
  -0.139063
  -0.134601
  -0.129688
  -0.124334
   -0.11855
   -0.11235
  -0.105745
 -0.0987483
 -0.0913724
 -0.0836292
 -0.0755302
 -0.0670857
 -0.0583055
 -0.0491986
 -0.0397729
 -0.0300361
 -0.0199949
-0.00965556
0.000976171
  0.0118953
  0.0230978
  0.0345809
  0.0463443
  0.0583908
  0.0707281
  0.0833712
  0.0963456
   0.109692
   0.123471
   0.137774
   0.152732
   0.168538
   0.185461
   0.203888
   0.224366
   0.247651
   0.274757
   0.306873
   0.344812
    0.38683
    0.42276
   0.428283
   0.383385
   0.299703
   0.212543
   0.142044
  0.0896717
  0.0512904
  0.0228643
   0.001483
 -0.0148126
  -0.027331
 -0.0369582
  -0.044306
  -0.049807
 -0.0537744
 -0.0564413
 -0.0579862
   -0.05855
  -0.058248
 -0.0571781
 -0.0554263
 -0.0530706
 -0.0501839
 -0.0468356
  -0.043093
 -0.0390218
 -0.0346862
 -0.0301495
 -0.0254731
 -0.0207169
 -0.0159382
 -0.0111918
-0.00652898
-0.00199698
  0.0023613
 0.00650806
   0.010411
  0.0140437
   0.017386
  0.0204243
  0.0231514
  0.0255665
   0.027675
  0.0294875
  0.0310186
  0.0322858
  0.0333077
  0.0341018
  0.0346834
  0.0350644
   0.035253
          0
 -0.0209473
