  -0.109361
  -0.107927
  -0.105158
  -0.101231
 -0.0963596
  -0.090763
 -0.0846363
 -0.0781388
 -0.0713907
 -0.0644774
 -0.0574559
 -0.0503613
  -0.043213
 -0.0360191
 -0.0287799
 -0.0214903
 -0.0141412
 -0.0067209
0.000784535
 0.00839043
  0.0161133
  0.0239703
  0.0319793
  0.0401583
  0.0485254
  0.0570985
  0.0658954
  0.0749338
  0.0842314
  0.0938066
   0.103679
    0.11387
   0.124407
   0.135322
   0.146659
   0.158474
   0.170848
   0.183888
   0.197748
   0.212636
    0.22885
   0.246801
   0.267062
    0.29042
     0.3179
   0.350659
   0.389323
   0.431549
   0.465675
   0.465094
   0.409317
   0.312616
   0.214108
   0.135086
  0.0764265
  0.0332072
0.000833123
 -0.0239579
 -0.0433403
 -0.0587554
 -0.0711714
 -0.0812512
 -0.0894583
 -0.0961238
   -0.10149
  -0.105736
  -0.109003
  -0.111399
  -0.113014
  -0.113923
  -0.114193
  -0.113882
  -0.113044
   -0.11173
  -0.109987
  -0.107861
  -0.105396
  -0.102631
 -0.0996036
 -0.0963494
 -0.0928988
 -0.0892792
 -0.0855134
 -0.0816201
 -0.0776137
 -0.0735047
 -0.0693005
 -0.0650065
 -0.0606284
 -0.0561748
 -0.0516614
 -0.0471157
 -0.0425836
 -0.0381355
  -0.033872
 -0.0299259
 -0.0264579
 -0.0236441
 -0.0216533
 -0.0206204
          0
 -0.0133213
