 -0.0629758
 -0.0614395
 -0.0584814
 -0.0543061
  -0.049168
 -0.0433313
 -0.0370378
 -0.0304903
 -0.0238458
 -0.0172183
 -0.0106849
-0.00429323
 0.00193183
 0.00798223
  0.0138623
  0.0195857
  0.0251725
  0.0306479
  0.0360409
  0.0413832
  0.0467085
   0.052052
  0.0574498
  0.0629386
  0.0685554
  0.0743367
  0.0803191
  0.0865388
  0.0930316
  0.0998339
   0.106983
   0.114519
   0.122484
    0.13093
   0.139916
   0.149519
   0.159836
   0.170998
    0.18318
   0.196621
   0.211654
   0.228739
   0.248521
   0.271889
   0.300038
   0.334399
   0.376059
   0.423388
   0.465486
   0.475355
   0.429681
   0.340055
   0.244859
   0.166678
    0.10759
  0.0632973
  0.0294818
 0.00300247
 -0.0182601
 -0.0357198
 -0.0503287
 -0.0627384
 -0.0734022
 -0.0826415
 -0.0906878
  -0.097711
  -0.103838
  -0.109167
  -0.113773
   -0.11772
  -0.121057
   -0.12383
  -0.126077
  -0.127833
   -0.12913
  -0.129997
  -0.130461
  -0.130546
  -0.130273
   -0.12966
  -0.128722
   -0.12747
  -0.125914
  -0.124058
  -0.121904
  -0.119453
  -0.116703
  -0.113655
  -0.110311
  -0.106684
  -0.102795
 -0.0986845
 -0.0944158
 -0.0900839
 -0.0858189
 -0.0817881
 -0.0781896
 -0.0752364
  -0.073131
 -0.0720337
          0
-0.00470474
