   0.0410192
   0.0415071
   0.0424253
   0.0436693
   0.0451054
   0.0465905
   0.0479886
   0.0491818
   0.0500762
   0.0506023
   0.0507136
   0.0503837
   0.0496031
   0.0483761
   0.0467191
   0.0446578
   0.0422262
   0.0394652
   0.0364213
   0.0331462
   0.0296955
   0.0261284
   0.0225065
    0.018894
   0.0153562
   0.0119598
  0.00877208
  0.00586103
   0.0032951
  0.00114361
-0.000522592
 -0.00163002
 -0.00210078
 -0.00184992
 -0.00078164
  0.00121613
  0.00427945
  0.00857951
   0.0143387
   0.0218542
   0.0315338
   0.0439499
   0.0599229
   0.0806485
    0.107883
    0.144155
    0.192769
    0.256492
    0.331756
    0.397219
    0.420851
    0.396402
    0.347601
    0.297914
      0.2555
    0.220715
    0.191976
     0.16768
    0.146589
    0.127813
    0.110733
   0.0949137
   0.0800536
   0.0659425
   0.0524346
   0.0394298
   0.0268603
   0.0146814
  0.00286461
 -0.00860691
  -0.0197418
  -0.0305429
   -0.041009
  -0.0511362
  -0.0609183
  -0.0703475
  -0.0794149
  -0.0881101
  -0.0964219
   -0.104338
   -0.111843
   -0.118924
   -0.125565
   -0.131747
   -0.137452
   -0.142664
   -0.147363
   -0.151533
   -0.155161
   -0.158236
   -0.160757
    -0.16273
   -0.164178
   -0.165138
    -0.16567
   -0.165855
   -0.165797
    -0.16561
   -0.165406
   -0.165278
           0
   0.0202784
