  0.0374379
  0.0381252
  0.0394285
  0.0412183
  0.0433296
  0.0455861
  0.0478211
  0.0498908
  0.0516807
  0.0531064
  0.0541111
  0.0546618
  0.0547453
  0.0543642
  0.0535342
  0.0522814
  0.0506408
  0.0486542
  0.0463692
  0.0438386
  0.0411189
  0.0382701
  0.0353545
  0.0324364
  0.0295816
  0.0268565
  0.0243283
  0.0220644
  0.0201327
  0.0186017
  0.0175413
  0.0170236
  0.0171253
  0.0179297
   0.019531
  0.0220393
  0.0255882
  0.0303463
  0.0365322
  0.0444384
  0.0544654
  0.0671741
  0.0833655
   0.104201
   0.131371
   0.167277
   0.214958
   0.276659
   0.347933
   0.406741
   0.422069
   0.389783
   0.335356
   0.282152
   0.237605
   0.201514
   0.171971
   0.147189
   0.125824
   0.106928
  0.0898396
  0.0741014
  0.0593945
  0.0454973
  0.0322559
  0.0195636
 0.00734791
-0.00444004
 -0.0158319
 -0.0268475
 -0.0374976
 -0.0477875
 -0.0577178
 -0.0672861
 -0.0764878
 -0.0853162
 -0.0937635
   -0.10182
  -0.109475
  -0.116717
  -0.123532
  -0.129905
  -0.135819
  -0.141258
  -0.146204
  -0.150637
  -0.154541
  -0.157899
  -0.160699
  -0.162934
  -0.164605
  -0.165728
  -0.166333
  -0.166471
  -0.166223
  -0.165691
  -0.165007
  -0.164315
  -0.163756
  -0.163444
          0
   0.018831
