  0.0359795
  0.0354588
  0.0344424
  0.0329742
  0.0311077
  0.0288962
   0.026385
  0.0236077
  0.0205865
  0.0173344
  0.0138584
  0.0101628
 0.00625242
 0.00213415
-0.00218119
 -0.0066781
 -0.0113358
 -0.0161283
 -0.0210241
 -0.0259867
 -0.0309749
 -0.0359433
 -0.0408429
 -0.0456214
 -0.0502236
 -0.0545926
 -0.0586691
 -0.0623925
 -0.0657005
 -0.0685287
 -0.0708102
 -0.0724747
 -0.0734461
   -0.07364
 -0.0729601
 -0.0712921
 -0.0684957
 -0.0643924
 -0.0587485
 -0.0512487
 -0.0414566
 -0.0287531
 -0.0122397
  0.0094154
   0.038214
  0.0771484
   0.130413
   0.202447
    0.29225
   0.379969
   0.429594
   0.428304
   0.395283
   0.355033
   0.318165
   0.286731
   0.260092
    0.23715
   0.216943
   0.198742
   0.182018
   0.166394
   0.151606
   0.137466
   0.123845
   0.110651
  0.0978252
  0.0853254
  0.0731256
  0.0612095
  0.0495676
  0.0381949
  0.0270895
  0.0162512
  0.0056808
-0.00462022
 -0.0146501
  -0.024407
 -0.0338889
 -0.0430934
 -0.0520181
   -0.06066
 -0.0690158
 -0.0770814
 -0.0848522
 -0.0923228
  -0.099487
  -0.106338
  -0.112866
  -0.119062
  -0.124913
  -0.130401
  -0.135503
  -0.140187
   -0.14441
  -0.148115
  -0.151228
  -0.153669
  -0.155356
  -0.156218
          0
  0.0226189
