  0.0228277
  0.0238541
  0.0258143
   0.028541
  0.0318218
  0.0354307
  0.0391553
  0.0428128
  0.0462582
  0.0493844
  0.0521187
  0.0544174
  0.0562603
  0.0576463
  0.0585885
   0.059112
  0.0592509
  0.0590465
  0.0585461
  0.0578016
  0.0568687
  0.0558058
  0.0546737
  0.0535346
  0.0524517
  0.0514889
  0.0507101
  0.0501793
  0.0499606
  0.0501184
  0.0507184
  0.0518282
  0.0535198
  0.0558715
  0.0589725
  0.0629273
  0.0678639
  0.0739443
  0.0813796
  0.0904527
    0.10155
   0.115212
   0.132204
   0.153622
   0.181032
   0.216583
   0.262789
   0.320812
   0.384336
   0.429715
   0.427826
   0.378943
   0.312395
   0.251515
    0.20228
   0.163324
   0.132041
   0.106247
  0.0843682
  0.0653177
  0.0483491
  0.0329478
  0.0187568
 0.00552706
-0.00691588
 -0.0186943
 -0.0298937
 -0.0405736
 -0.0507752
 -0.0605263
 -0.0698456
 -0.0787452
 -0.0872323
 -0.0953106
  -0.102981
  -0.110243
  -0.117093
  -0.123526
  -0.129535
  -0.135113
  -0.140249
  -0.144931
  -0.149146
  -0.152878
  -0.156112
  -0.158831
  -0.161021
  -0.162668
  -0.163765
  -0.164312
  -0.164318
   -0.16381
  -0.162837
  -0.161473
  -0.159827
  -0.158037
  -0.156276
  -0.154727
  -0.153572
  -0.152953
          0
   0.014454
