   0.0120866
   0.0132513
   0.0154805
   0.0185933
   0.0223605
   0.0265394
   0.0309018
   0.0352521
   0.0394352
   0.0433365
    0.046878
   0.0500121
   0.0527163
   0.0549872
   0.0568366
   0.0582882
   0.0593747
   0.0601362
   0.0606184
   0.0608715
   0.0609493
   0.0609083
   0.0608069
    0.060705
   0.0606633
   0.0607428
   0.0610046
   0.0615097
   0.0623191
   0.0634941
   0.0650971
   0.0671924
   0.0698487
   0.0731409
   0.0771545
   0.0819909
   0.0877743
   0.0946628
    0.102863
    0.112653
    0.124413
    0.138671
    0.156175
    0.177991
    0.205625
    0.241101
    0.286674
    0.342975
    0.402754
    0.441546
    0.431143
    0.374003
    0.301406
    0.236696
    0.185135
    0.144781
    0.112678
   0.0864411
   0.0643821
   0.0453435
   0.0285349
   0.0134125
-0.000400617
  -0.0131683
   -0.025076
  -0.0362549
  -0.0467977
  -0.0567704
  -0.0662196
  -0.0751786
  -0.0836708
  -0.0917129
  -0.0993165
    -0.10649
   -0.113237
   -0.119562
   -0.125466
   -0.130945
   -0.135999
   -0.140621
   -0.144803
   -0.148538
   -0.151813
   -0.154616
   -0.156933
    -0.15875
   -0.160055
   -0.160835
   -0.161087
   -0.160812
   -0.160026
   -0.158759
   -0.157067
   -0.155035
   -0.152778
   -0.150452
   -0.148238
   -0.146335
   -0.144937
   -0.144194
           0
   0.0116573
