 -0.0465336
 -0.0450258
 -0.0421252
 -0.0380371
 -0.0330184
 -0.0273371
 -0.0212407
 -0.0149378
-0.00859133
-0.00232027
 0.00379451
   0.009703
  0.0153792
  0.0208154
  0.0260171
  0.0310004
  0.0357885
  0.0404104
  0.0448993
  0.0492919
  0.0536269
  0.0579449
  0.0622878
   0.066698
  0.0712182
   0.075891
   0.080759
  0.0858642
  0.0912486
  0.0969543
   0.103024
   0.109504
   0.116443
   0.123898
   0.131933
   0.140632
   0.150099
   0.160469
   0.171927
   0.184721
   0.199195
   0.215825
    0.23528
   0.258488
   0.286705
   0.321478
     0.3641
   0.413312
   0.458744
   0.473596
   0.433521
   0.348648
   0.256468
    0.17988
   0.121522
  0.0774584
  0.0435681
  0.0168125
-0.00487155
 -0.0228657
 -0.0381019
 -0.0512179
 -0.0626575
 -0.0727338
 -0.0816718
 -0.0896352
 -0.0967454
  -0.103094
  -0.108753
  -0.113777
  -0.118213
    -0.1221
   -0.12547
  -0.128353
  -0.130776
  -0.132761
   -0.13433
  -0.135501
  -0.136289
  -0.136708
  -0.136768
  -0.136474
  -0.135832
  -0.134841
  -0.133501
  -0.131809
   -0.12976
  -0.127353
  -0.124592
  -0.121486
  -0.118058
  -0.114349
  -0.110426
  -0.106385
  -0.102359
 -0.0985204
 -0.0950693
 -0.0922226
 -0.0901861
 -0.0891226
          0
-0.00143059
