  -0.0303497
  -0.0288952
  -0.0260997
  -0.0221664
  -0.0173507
  -0.0119205
 -0.00612455
-0.000173514
  0.00576687
    0.011575
    0.017168
   0.0224945
   0.0275284
   0.0322622
   0.0367032
   0.0408693
   0.0447868
   0.0484881
   0.0520104
   0.0553944
   0.0586838
    0.061924
   0.0651621
   0.0684457
   0.0718231
   0.0753425
   0.0790518
   0.0829988
   0.0872309
   0.0917959
   0.0967425
    0.102122
    0.107988
    0.114403
    0.121439
    0.129182
    0.137744
    0.147266
     0.15794
    0.170022
    0.183867
    0.199967
    0.219011
    0.241965
     0.27015
    0.305229
     0.34872
    0.399785
    0.448698
    0.469034
     0.43543
    0.356333
    0.268037
    0.193671
    0.136477
   0.0929507
   0.0592105
   0.0323489
   0.0103761
 -0.00804617
  -0.0238226
  -0.0375729
  -0.0497276
  -0.0605898
  -0.0703762
  -0.0792433
  -0.0873062
  -0.0946503
   -0.101341
   -0.107428
   -0.112953
   -0.117948
   -0.122441
   -0.126455
   -0.130011
   -0.133126
   -0.135817
   -0.138095
   -0.139972
   -0.141455
   -0.142549
   -0.143256
   -0.143576
   -0.143506
   -0.143041
   -0.142174
   -0.140901
   -0.139217
   -0.137123
   -0.134629
   -0.131757
   -0.128548
   -0.125068
   -0.121414
    -0.11772
   -0.114156
   -0.110924
    -0.10824
   -0.106312
   -0.105303
           0
  0.00193169
