   0.0420525
   0.0423238
   0.0428248
   0.0434801
   0.0441925
   0.0448574
   0.0453744
    0.045656
   0.0456317
    0.045249
   0.0444729
   0.0432839
   0.0416762
   0.0396558
   0.0372386
   0.0344493
   0.0313203
   0.0278904
   0.0242042
   0.0203113
   0.0162653
   0.0121238
  0.00794689
  0.00379733
-0.000260483
  -0.0041608
 -0.00783687
  -0.0112212
  -0.0142454
  -0.0168402
  -0.0189345
  -0.0204542
  -0.0213208
  -0.0214485
  -0.0207402
  -0.0190823
  -0.0163368
    -0.01233
 -0.00683583
 0.000447969
  0.00993691
   0.0222157
   0.0381253
   0.0588978
    0.086356
    0.123159
    0.172865
    0.238739
    0.318018
    0.389919
    0.421356
    0.404096
    0.360343
    0.313753
    0.273192
    0.239531
    0.211484
    0.187612
    0.166767
    0.148116
    0.131069
    0.115214
    0.100261
   0.0860099
   0.0723218
   0.0591011
   0.0462838
   0.0338276
   0.0217066
  0.00990547
 -0.00158293
  -0.0127604
  -0.0236249
  -0.0341718
  -0.0443947
  -0.0542855
  -0.0638354
  -0.0730342
  -0.0818711
  -0.0903341
  -0.0984104
   -0.106086
   -0.113345
   -0.120173
   -0.126552
   -0.132465
   -0.137895
   -0.142825
   -0.147242
   -0.151133
   -0.154493
   -0.157323
   -0.159633
   -0.161448
   -0.162804
   -0.163758
   -0.164378
   -0.164744
   -0.164933
   -0.165009
           0
   0.0211818
