   -0.01489
 -0.0135111
 -0.0108638
-0.00714671
-0.00261011
 0.00248242
 0.00788492
   0.013388
  0.0188262
  0.0240779
  0.0290599
  0.0337209
  0.0380351
  0.0419962
  0.0456127
  0.0489048
  0.0519012
  0.0546374
  0.0571539
  0.0594954
  0.0617096
  0.0638463
   0.065957
  0.0680943
  0.0703112
  0.0726608
  0.0751963
  0.0779704
  0.0810357
  0.0844451
  0.0882523
  0.0925134
  0.0972882
   0.102643
   0.108655
   0.115417
   0.123044
   0.131685
   0.141536
   0.152862
   0.166028
   0.181537
   0.200103
   0.222724
   0.250783
   0.286064
   0.330323
   0.383181
   0.435661
   0.461869
   0.435461
   0.363022
   0.279378
   0.207797
   0.152167
   0.109466
  0.0760921
  0.0492927
  0.0271671
 0.00843023
-0.00778922
 -0.0220886
 -0.0348824
 -0.0464621
 -0.0570347
 -0.0667488
 -0.0757122
  -0.084004
 -0.0916833
 -0.0987946
  -0.105372
  -0.111444
  -0.117031
  -0.122153
  -0.126823
  -0.131054
  -0.134857
  -0.138238
  -0.141204
  -0.143758
  -0.145899
  -0.147626
  -0.148934
  -0.149817
  -0.150266
  -0.150273
  -0.149829
  -0.148928
  -0.147569
  -0.145761
  -0.143524
  -0.140897
  -0.137944
   -0.13476
  -0.131476
  -0.128259
  -0.125309
  -0.122839
  -0.121055
  -0.120117
          0
 0.00529725
