  0.0313404
  0.0322077
   0.033859
  0.0361443
  0.0388722
   0.041839
  0.0448525
  0.0477473
  0.0503918
   0.052689
  0.0545734
   0.056006
    0.05697
  0.0574662
  0.0575091
  0.0571247
  0.0563478
  0.0552203
  0.0537903
  0.0521104
  0.0502373
  0.0482306
  0.0461524
  0.0440663
  0.0420374
  0.0401312
  0.0384138
  0.0369512
  0.0358098
  0.0350566
  0.0347596
  0.0349892
  0.0358198
  0.0373329
  0.0396201
  0.0427892
  0.0469712
  0.0523314
   0.059085
  0.0675196
  0.0780287
  0.0911626
   0.107704
   0.128782
   0.156023
   0.191701
   0.238593
   0.298402
   0.365756
   0.417834
   0.424585
   0.384068
   0.323651
   0.266661
   0.219802
   0.182295
   0.151885
    0.12659
   0.104953
  0.0859573
  0.0689009
  0.0532981
  0.0388116
  0.0252067
  0.0123195
3.62023e-05
  -0.011722
 -0.0230089
 -0.0338604
    -0.0443
 -0.0543421
 -0.0639948
 -0.0732617
  -0.082143
 -0.0906365
 -0.0987378
  -0.106441
  -0.113738
  -0.120621
  -0.127078
  -0.133097
  -0.138664
  -0.143765
  -0.148381
  -0.152497
  -0.156094
  -0.159155
  -0.161667
  -0.163618
  -0.165005
  -0.165835
  -0.166126
  -0.165921
  -0.165283
  -0.164306
  -0.163116
  -0.161864
  -0.160718
  -0.159842
  -0.159366
          0
  0.0168708
