-0.000605493
 0.000676693
  0.00313492
  0.00657801
   0.0107643
   0.0154386
   0.0203615
   0.0253289
   0.0301787
   0.0347915
   0.0390859
   0.0430117
   0.0465445
   0.0496791
   0.0524258
   0.0548066
   0.0568525
   0.0586013
   0.0600968
   0.0613865
   0.0625216
   0.0635557
   0.0645442
   0.0655436
   0.0666112
   0.0678044
   0.0691807
   0.0707974
   0.0727116
   0.0749807
    0.077663
   0.0808191
   0.0845135
   0.0888173
   0.0938119
   0.0995945
    0.106285
    0.114038
    0.123055
    0.133607
    0.146066
    0.160952
    0.178993
    0.201224
    0.229088
    0.264489
     0.30943
    0.364024
    0.420126
    0.452509
    0.433883
    0.368823
    0.290465
    0.222142
    0.168416
    0.126791
   0.0939748
   0.0673919
   0.0452428
   0.0263036
   0.0097414
 -0.00501533
  -0.0183632
  -0.0305803
   -0.041863
  -0.0523514
  -0.0621458
  -0.0713188
   -0.079923
  -0.0879973
  -0.0955705
   -0.102664
   -0.109296
   -0.115477
   -0.121218
   -0.126527
   -0.131408
   -0.135864
   -0.139896
   -0.143503
   -0.146681
   -0.149424
   -0.151724
   -0.153571
   -0.154954
   -0.155861
   -0.156282
   -0.156208
   -0.155637
   -0.154573
   -0.153035
   -0.151059
   -0.148705
   -0.146064
    -0.14326
   -0.140457
   -0.137847
   -0.135638
    -0.13403
   -0.133182
           0
  0.00857213
