   0.040544
  0.0405862
  0.0406473
  0.0406842
  0.0406411
  0.0404566
  0.0400703
  0.0394284
  0.0384863
  0.0372101
  0.0355768
  0.0335743
  0.0312001
  0.0284612
  0.0253726
  0.0219573
   0.018245
  0.0142716
  0.0100788
 0.00571315
 0.00122569
-0.00332888
-0.00789265
 -0.0124052
  -0.016804
 -0.0210249
 -0.0250028
 -0.0286712
 -0.0319628
 -0.0348089
  -0.037139
 -0.0388792
 -0.0399509
  -0.040268
 -0.0397327
 -0.0382303
 -0.0356213
 -0.0317294
 -0.0263252
  -0.019101
-0.00963298
 0.00267654
  0.0186903
   0.039678
  0.0675299
   0.105031
   0.155985
   0.224111
   0.307343
   0.385303
   0.423814
    0.41285
    0.37338
   0.329343
    0.29027
   0.257496
   0.229992
   0.206454
   0.185812
   0.167274
   0.150277
   0.134423
   0.119434
   0.105116
  0.0913331
  0.0779944
  0.0650375
  0.0524217
  0.0401219
  0.0281237
  0.0164199
 0.00500895
 -0.0061075
 -0.0169252
 -0.0274384
 -0.0376401
 -0.0475225
 -0.0570767
 -0.0662935
 -0.0751625
 -0.0836728
 -0.0918123
 -0.0995681
  -0.106927
  -0.113873
  -0.120392
  -0.126469
  -0.132088
  -0.137235
  -0.141899
   -0.14607
  -0.149742
  -0.152916
    -0.1556
   -0.15781
  -0.159568
  -0.160908
  -0.161866
  -0.162479
  -0.162777
          0
  0.0215354
