 -0.0708502
 -0.0719509
  -0.074063
 -0.0770257
 -0.0806359
 -0.0846801
 -0.0889596
 -0.0933068
 -0.0975911
  -0.101718
  -0.105623
  -0.109266
  -0.112624
  -0.115688
  -0.118453
   -0.12092
  -0.123088
  -0.124958
  -0.126528
  -0.127793
  -0.128744
   -0.12937
  -0.129656
  -0.129583
   -0.12913
  -0.128274
  -0.126988
  -0.125242
  -0.123005
  -0.120242
  -0.116915
  -0.112977
   -0.10838
  -0.103059
 -0.0969403
 -0.0899251
 -0.0818867
 -0.0726553
 -0.0619996
 -0.0495985
 -0.0349987
 -0.0175495
 0.00370038
  0.0301634
  0.0639563
   0.108215
   0.167249
    0.24534
   0.340385
   0.429788
   0.475209
    0.46512
   0.422876
   0.375461
    0.33375
   0.299357
   0.271187
   0.247804
   0.228011
   0.210916
   0.195874
   0.182425
   0.170235
   0.159066
   0.148741
   0.139131
   0.130137
   0.121684
    0.11371
   0.106166
   0.099009
   0.092198
  0.0856963
  0.0794675
  0.0734756
  0.0676846
  0.0620579
  0.0565588
  0.0511505
  0.0457963
    0.04046
  0.0351064
  0.0297019
  0.0242147
  0.0186158
  0.0128802
 0.00698754
 0.00092432
-0.00531382
 -0.0117188
 -0.0182656
 -0.0249066
 -0.0315646
 -0.0381252
 -0.0444312
 -0.0502796
 -0.0554278
 -0.0596113
 -0.0625752
 -0.0641146
          0
 0.00508213
