   0.0365074
   0.0363158
   0.0359289
   0.0353388
   0.0345342
      0.0335
   0.0322192
   0.0306734
   0.0288457
   0.0267214
   0.0242903
    0.021547
   0.0184926
   0.0151342
   0.0114856
  0.00756687
  0.00340459
-0.000968949
 -0.00551588
  -0.0101933
   -0.014954
  -0.0197464
  -0.0245161
  -0.0292054
  -0.0337547
  -0.0381023
  -0.0421851
  -0.0459387
  -0.0492976
  -0.0521944
  -0.0545598
  -0.0563207
  -0.0573993
  -0.0577095
  -0.0571536
  -0.0556163
  -0.0529565
  -0.0489961
  -0.0435021
  -0.0361612
  -0.0265414
  -0.0140312
  0.00225451
   0.0236231
    0.052031
   0.0903841
    0.142709
    0.213125
    0.300138
    0.383593
    0.428223
    0.422457
    0.386357
    0.344235
    0.306231
    0.274073
    0.246939
    0.223632
    0.203138
    0.184696
     0.16776
    0.151944
    0.136974
     0.12266
    0.108871
   0.0955144
   0.0825294
   0.0698756
   0.0575275
     0.04547
   0.0336953
   0.0222005
   0.0109862
  5.4966e-05
  -0.0105892
  -0.0209412
  -0.0309954
  -0.0407455
  -0.0501846
  -0.0593053
  -0.0680994
   -0.076558
  -0.0846714
   -0.092429
  -0.0998195
   -0.106831
   -0.113451
   -0.119666
   -0.125464
   -0.130833
   -0.135761
   -0.140237
   -0.144252
   -0.147796
   -0.150861
   -0.153437
   -0.155517
   -0.157089
   -0.158144
   -0.158673
           0
   0.0213555
