  -0.0194151
  -0.0204515
  -0.0224491
  -0.0252726
  -0.0287524
   -0.032712
  -0.0369901
  -0.0414534
  -0.0460012
  -0.0505627
  -0.0550919
  -0.0595612
  -0.0639548
  -0.0682641
  -0.0724833
  -0.0766071
  -0.0806279
  -0.0845354
  -0.0883151
  -0.0919483
   -0.095412
  -0.0986792
   -0.101719
   -0.104496
   -0.106973
    -0.10911
   -0.110864
   -0.112189
   -0.113037
   -0.113358
   -0.113098
   -0.112198
   -0.110592
   -0.108205
   -0.104946
   -0.100708
  -0.0953501
  -0.0886926
  -0.0804937
  -0.0704225
  -0.0580158
  -0.0426113
  -0.0232417
  0.00153278
    0.033884
   0.0770692
    0.135674
    0.214604
    0.312958
    0.409431
    0.464949
    0.465305
    0.431028
    0.388713
    0.349997
    0.317205
    0.289703
    0.266329
    0.246056
    0.228095
    0.211872
    0.196975
    0.183107
    0.170059
    0.157678
    0.145854
     0.13451
    0.123587
    0.113041
    0.102842
   0.0929607
   0.0833767
   0.0740699
    0.065022
   0.0562155
   0.0476324
   0.0392552
   0.0310658
   0.0230462
   0.0151784
   0.0074445
-0.000172656
 -0.00768955
  -0.0151215
  -0.0224825
  -0.0297842
  -0.0370357
  -0.0442422
  -0.0514033
  -0.0585109
  -0.0655456
  -0.0724721
  -0.0792335
  -0.0857442
  -0.0918835
  -0.0974919
   -0.102374
    -0.10631
   -0.109084
   -0.110522
           0
   0.0137103
