   0.0209097
   0.0202821
   0.0190622
   0.0173126
   0.0151104
   0.0125336
  0.00965052
  0.00651428
   0.0031622
-0.000381913
 -0.00410386
 -0.00799504
  -0.0120489
  -0.0162583
  -0.0206133
  -0.0251002
  -0.0297003
  -0.0343902
  -0.0391411
  -0.0439194
  -0.0486867
  -0.0534004
  -0.0580142
  -0.0624785
  -0.0667411
  -0.0707472
  -0.0744402
  -0.0777618
  -0.0806516
  -0.0830474
  -0.0848839
  -0.0860922
  -0.0865972
  -0.0863153
  -0.0851501
  -0.0829866
  -0.0796828
  -0.0750572
  -0.0688709
  -0.0608006
  -0.0503978
  -0.0370246
  -0.0197535
  0.00279297
   0.0326895
   0.0730467
    0.128247
    0.202992
    0.296486
    0.388495
    0.441738
    0.442496
    0.410075
    0.369719
    0.332533
     0.30077
    0.273855
    0.250703
    0.230351
    0.212061
    0.195296
    0.179674
    0.164923
    0.150851
    0.137324
    0.124247
    0.111555
   0.0992054
   0.0871674
   0.0754218
   0.0639558
   0.0527615
   0.0418336
   0.0311687
   0.0207644
   0.0106187
 0.000730248
 -0.00890242
  -0.0182804
  -0.0274045
  -0.0362753
  -0.0448925
  -0.0532555
  -0.0613627
  -0.0692119
  -0.0767995
  -0.0841211
  -0.0911707
  -0.0979406
    -0.10442
   -0.110594
   -0.116443
   -0.121936
   -0.127032
   -0.131673
   -0.135783
   -0.139266
   -0.142017
   -0.143926
   -0.144906
           0
   0.0195309
