 0.00948637
  0.0086818
 0.00712463
 0.00490769
 0.00214625
-0.00104151
-0.00454983
-0.00829396
 -0.0122121
 -0.0162627
 -0.0204202
 -0.0246693
 -0.0290005
 -0.0334065
 -0.0378793
 -0.0424081
 -0.0469786
 -0.0515717
 -0.0561637
 -0.0607257
 -0.0652246
 -0.0696228
 -0.0738788
 -0.0779477
 -0.0817817
 -0.0853305
 -0.0885415
 -0.0913602
   -0.09373
 -0.0955919
 -0.0968838
 -0.0975396
 -0.0974866
 -0.0966434
 -0.0949152
 -0.0921882
 -0.0883204
 -0.0831299
 -0.0763757
 -0.0677306
 -0.0567392
 -0.0427527
 -0.0248256
-0.00155228
  0.0291882
  0.0705808
   0.127126
   0.203688
   0.299582
   0.394313
   0.449784
   0.451736
   0.419607
   0.379138
   0.341747
   0.309808
   0.282782
   0.259587
   0.239256
   0.221044
   0.204409
   0.188961
   0.174422
   0.160598
   0.147349
   0.134576
   0.122212
   0.110209
   0.098534
  0.0871628
  0.0760794
  0.0652716
  0.0547301
  0.0444473
   0.034416
  0.0246299
  0.0150825
 0.00576752
-0.00332142
 -0.0121904
 -0.0208451
 -0.0292911
 -0.0375328
 -0.0455744
 -0.0534185
  -0.061067
 -0.0685199
 -0.0757751
 -0.0828274
 -0.0896676
 -0.0962794
  -0.102638
  -0.108703
  -0.114418
  -0.119702
  -0.124447
  -0.128519
  -0.131766
  -0.134038
  -0.135209
          0
  0.0179651
