  0.0299524
  0.0295333
  0.0287111
  0.0275144
  0.0259767
  0.0241309
  0.0220033
  0.0196123
  0.0169683
  0.0140763
  0.0109384
 0.00755648
 0.00393419
7.88309e-05
-0.00399774
-0.00827844
 -0.0127407
 -0.0173563
 -0.0220918
 -0.0269088
 -0.0317641
 -0.0366105
 -0.0413973
 -0.0460707
 -0.0505743
 -0.0548496
 -0.0588365
 -0.0624733
 -0.0656968
 -0.0684417
 -0.0706405
 -0.0722219
  -0.073109
 -0.0732168
 -0.0724479
 -0.0706868
 -0.0677918
 -0.0635828
 -0.0578236
 -0.0501958
 -0.0402587
 -0.0273872
 -0.0106743
  0.0112238
  0.0403262
  0.0796487
   0.133413
   0.206072
   0.296555
   0.384753
   0.434346
   0.432521
   0.398783
   0.357889
   0.320512
   0.288687
   0.261745
   0.238564
   0.218163
   0.199801
    0.18294
   0.167198
   0.152306
   0.138073
   0.124367
   0.111096
  0.0981987
  0.0856324
  0.0733705
  0.0613962
  0.0496999
  0.0382764
   0.027124
  0.0162427
  0.0056337
-0.00470085
 -0.0147585
 -0.0245362
 -0.0340308
 -0.0432386
 -0.0521552
 -0.0607757
 -0.0690946
 -0.0771054
  -0.084801
 -0.0921732
 -0.0992134
  -0.105912
  -0.112258
   -0.11824
  -0.123845
  -0.129057
  -0.133856
  -0.138217
  -0.142105
  -0.145479
  -0.148286
  -0.150467
  -0.151962
  -0.152724
          0
  0.0206743
