-0.00408117
-0.00502294
-0.00684106
-0.00941839
 -0.0126087
 -0.0162606
 -0.0202372
 -0.0244269
 -0.0287463
 -0.0331384
 -0.0375666
 -0.0420093
 -0.0464539
 -0.0508926
 -0.0553188
 -0.0597246
 -0.0640993
 -0.0684282
 -0.0726925
 -0.0768683
 -0.0809278
 -0.0848383
 -0.0885636
 -0.0920639
 -0.0952962
  -0.098215
  -0.100772
  -0.102918
  -0.104599
  -0.105762
  -0.106346
  -0.106291
  -0.105525
  -0.103971
  -0.101536
 -0.0981081
  -0.093546
 -0.0876682
 -0.0802327
 -0.0709096
 -0.0592385
 -0.0445621
 -0.0259213
-0.00188901
  0.0296889
  0.0720475
   0.129756
   0.207747
   0.305299
   0.401543
    0.45777
   0.459558
   0.426771
   0.385614
   0.347686
   0.315384
   0.288146
   0.264866
   0.244553
   0.226444
   0.209985
   0.194774
   0.180529
   0.167044
   0.154176
   0.141822
   0.129908
   0.118381
   0.107205
  0.0963515
   0.085799
  0.0755308
  0.0655328
  0.0557922
   0.046297
  0.0370353
  0.0279952
  0.0191649
  0.0105322
 0.00208532
-0.00618737
 -0.0142971
 -0.0222543
 -0.0300686
 -0.0377484
 -0.0453004
 -0.0527294
  -0.060037
 -0.0672207
 -0.0742719
  -0.081173
 -0.0878937
 -0.0943858
  -0.100577
  -0.106365
  -0.111615
  -0.116158
  -0.119804
  -0.122367
  -0.123693
          0
  0.0160134
