  -0.0360262
  -0.0371171
  -0.0392169
  -0.0421776
  -0.0458135
    -0.04993
   -0.054348
  -0.0589183
  -0.0635261
    -0.06809
  -0.0725561
  -0.0768912
   -0.081077
  -0.0851035
   -0.088966
  -0.0926608
  -0.0961836
  -0.0995275
   -0.102683
   -0.105635
   -0.108366
   -0.110855
   -0.113076
   -0.114999
   -0.116592
   -0.117821
   -0.118647
    -0.11903
   -0.118928
   -0.118294
    -0.11708
   -0.115231
   -0.112685
   -0.109372
   -0.105204
   -0.100077
  -0.0938535
  -0.0863561
  -0.0773448
  -0.0664896
  -0.0533276
  -0.0371953
  -0.0171237
  0.00832941
   0.0413362
   0.0851453
    0.144305
    0.223598
    0.321822
    0.417211
    0.470618
    0.468408
    0.431955
    0.388132
    0.348466
    0.315124
    0.287351
    0.263909
    0.243723
    0.225971
    0.210059
    0.195558
     0.18216
    0.169646
    0.157855
    0.146672
    0.136011
    0.125809
    0.116017
    0.106598
   0.0975176
   0.0887496
   0.0802683
   0.0720495
   0.0640694
   0.0563043
   0.0487303
   0.0413232
   0.0340585
   0.0269119
   0.0198596
    0.012878
  0.00594482
-0.000961071
  -0.0078588
   -0.014765
  -0.0216927
  -0.0286502
  -0.0356389
   -0.042651
  -0.0496649
  -0.0566406
  -0.0635132
  -0.0701855
  -0.0765213
   -0.082342
  -0.0874304
  -0.0915459
  -0.0944531
  -0.0959606
           0
   0.0110914
