  0.0265275
  0.0258005
  0.0243904
  0.0223755
  0.0198525
  0.0169198
  0.0136643
  0.0101545
 0.00643908
 0.00254951
-0.00149531
-0.00568438
 -0.0100105
 -0.0144668
 -0.0190448
 -0.0237322
 -0.0285126
 -0.0333644
  -0.038261
 -0.0431707
 -0.0480572
 -0.0528796
 -0.0575935
 -0.0621506
 -0.0665001
 -0.0705885
 -0.0743603
  -0.077758
 -0.0807224
 -0.0831919
 -0.0851021
 -0.0863846
 -0.0869654
 -0.0867614
 -0.0856774
 -0.0835993
 -0.0803864
 -0.0758589
 -0.0697802
   -0.06183
 -0.0515638
 -0.0383495
 -0.0212676
 0.00104776
   0.030655
  0.0706422
   0.125366
   0.199516
   0.292362
   0.383917
   0.437197
   0.438473
   0.406741
   0.367005
   0.330308
   0.298922
     0.2723
    0.24938
   0.229216
   0.211083
   0.194453
   0.178948
     0.1643
   0.150322
   0.136879
   0.123881
   0.111263
   0.098982
  0.0870089
  0.0753247
  0.0639167
   0.052777
  0.0419002
  0.0312825
  0.0209211
  0.0108134
0.000957175
-0.00865011
 -0.0180108
 -0.0271273
 -0.0360018
 -0.0446361
 -0.0530318
 -0.0611898
 -0.0691102
 -0.0767925
 -0.0842347
 -0.0914334
 -0.0983829
  -0.105074
  -0.111493
  -0.117618
  -0.123416
  -0.128839
   -0.13382
  -0.138266
  -0.142064
  -0.145082
  -0.147188
  -0.148272
          0
  0.0213226
