  -0.0533602
  -0.0544706
  -0.0566048
  -0.0596069
  -0.0632803
  -0.0674187
  -0.0718307
  -0.0763558
  -0.0808695
  -0.0852824
  -0.0895344
  -0.0935884
  -0.0974232
   -0.101029
     -0.1044
   -0.107536
   -0.110434
   -0.113092
   -0.115503
   -0.117657
   -0.119543
   -0.121143
   -0.122437
     -0.1234
   -0.124008
   -0.124229
   -0.124032
   -0.123382
   -0.122241
   -0.120569
   -0.118322
    -0.11545
   -0.111897
   -0.107595
   -0.102464
  -0.0964008
  -0.0892739
  -0.0809086
  -0.0710683
  -0.0594265
  -0.0455233
  -0.0286993
 -0.00799039
   0.0180364
   0.0515352
   0.0957142
    0.155029
    0.234051
    0.331173
    0.424186
    0.474183
    0.468435
    0.429275
    0.383715
    0.343026
    0.309133
    0.281125
    0.257673
    0.237642
    0.220177
    0.204657
    0.190639
    0.177802
    0.165917
    0.154815
    0.144373
      0.1345
    0.125127
    0.116199
     0.10767
   0.0995046
   0.0916679
   0.0841286
   0.0768568
   0.0698224
   0.0629955
   0.0563458
   0.0498429
    0.043456
   0.0371546
   0.0309085
   0.0246882
   0.0184656
   0.0122142
  0.00590969
-0.000468942
 -0.00693852
  -0.0135101
  -0.0201866
  -0.0269601
   -0.033807
  -0.0406833
  -0.0475171
  -0.0542015
  -0.0605881
  -0.0664841
  -0.0716568
  -0.0758507
  -0.0788178
  -0.0803577
           0
  0.00819848
