   0.0146665
   0.0137684
   0.0120324
  0.00956581
  0.00650233
  0.00297942
-0.000879532
  -0.0049753
 -0.00923523
  -0.0136105
   -0.018071
   -0.022599
  -0.0271844
  -0.0318204
  -0.0365001
  -0.0412144
  -0.0459508
  -0.0506923
   -0.055417
  -0.0600984
   -0.064705
  -0.0692009
  -0.0735465
  -0.0776982
  -0.0816097
  -0.0852317
  -0.0885128
  -0.0913995
  -0.0938359
   -0.095764
  -0.0971223
  -0.0978454
  -0.0978615
  -0.0970897
  -0.0954363
  -0.0927884
  -0.0890053
  -0.0839067
  -0.0772538
  -0.0687221
  -0.0578602
  -0.0440247
   -0.026278
 -0.00322521
   0.0272387
   0.0682773
    0.124366
    0.200358
    0.295633
    0.389929
    0.445436
    0.447885
    0.416417
    0.376544
    0.339623
    0.308046
    0.281302
    0.258332
    0.238184
    0.220125
    0.203621
    0.188288
    0.173852
     0.16012
    0.146956
    0.134263
    0.121973
     0.11004
   0.0984315
   0.0871235
      0.0761
   0.0653491
   0.0548612
   0.0446281
   0.0346426
   0.0248973
   0.0153851
  0.00609849
 -0.00297006
  -0.0118282
  -0.0204834
  -0.0289429
  -0.0372138
  -0.0453023
  -0.0532138
  -0.0609527
  -0.0685215
  -0.0759208
  -0.0831475
  -0.0901938
  -0.0970443
   -0.103673
   -0.110037
   -0.116073
    -0.12169
   -0.126767
   -0.131148
   -0.134659
   -0.137125
   -0.138399
           0
   0.0196195
