  -0.164255
  -0.164385
  -0.164593
  -0.164787
  -0.164853
  -0.164676
  -0.164154
  -0.163205
  -0.161769
  -0.159808
  -0.157299
  -0.154236
  -0.150621
  -0.146463
  -0.141775
  -0.136576
  -0.130882
  -0.124711
  -0.118083
  -0.111013
  -0.103518
 -0.0956123
 -0.0873107
 -0.0786251
 -0.0695671
 -0.0601468
 -0.0503732
 -0.0402541
 -0.0297956
 -0.0190017
-0.00787364
 0.00359153
  0.0154024
  0.0275758
  0.0401401
  0.0531401
  0.0666436
  0.0807506
  0.0956068
   0.111422
   0.128499
    0.14727
   0.168356
   0.192645
   0.221373
   0.256141
   0.298523
   0.348149
   0.396836
     0.4211
    0.39724
   0.331564
   0.256145
   0.192324
   0.143649
   0.107335
   0.080072
  0.0593248
  0.0433346
  0.0309042
   0.021212
  0.0136851
 0.00791525
 0.00360501
0.000531779
-0.00147576
-0.00255377
 -0.0028144
 -0.0023535
-0.00125607
0.000399964
 0.00254108
 0.00509643
 0.00799665
  0.0111733
  0.0145584
  0.0180846
  0.0216853
   0.025295
  0.0288499
  0.0322879
  0.0355502
  0.0385811
  0.0413289
  0.0437471
  0.0457949
  0.0474384
  0.0486518
  0.0494189
  0.0497355
  0.0496111
  0.0490724
   0.048166
  0.0469615
  0.0455532
  0.0440591
  0.0426154
  0.0413656
  0.0404435
  0.0399536
          0
 -0.0199352
