   -0.132044
   -0.132896
    -0.13451
   -0.136727
   -0.139347
   -0.142162
   -0.144978
   -0.147633
   -0.150002
   -0.151992
   -0.153545
   -0.154624
    -0.15521
   -0.155299
   -0.154893
      -0.154
   -0.152631
   -0.150798
   -0.148511
   -0.145781
   -0.142616
   -0.139022
   -0.135001
   -0.130557
   -0.125687
   -0.120389
   -0.114659
   -0.108487
   -0.101866
  -0.0947808
  -0.0872163
  -0.0791504
  -0.0705542
  -0.0613889
  -0.0516018
  -0.0411205
  -0.0298447
  -0.0176345
 -0.00429344
   0.0104562
   0.0270108
   0.0459415
   0.0680802
   0.0946497
    0.127447
    0.169044
    0.222722
    0.290965
    0.369184
    0.434034
    0.452416
    0.419816
    0.363566
    0.308882
    0.263888
    0.228452
    0.200564
    0.178317
    0.160262
    0.145365
    0.132895
    0.122334
    0.113309
    0.105548
   0.0988487
   0.0930578
   0.0880548
   0.0837425
   0.0800394
   0.0768744
   0.0741829
   0.0719044
   0.0699806
    0.068354
   0.0669674
   0.0657637
   0.0646853
   0.0636748
   0.0626749
   0.0616291
    0.060482
     0.05918
    0.057672
   0.0559104
   0.0538516
   0.0514576
   0.0486975
   0.0455493
    0.042003
   0.0380635
   0.0337556
   0.0291295
   0.0242668
   0.0192873
    0.014353
  0.00966863
   0.0054737
  0.00202384
-0.000439055
 -0.00172363
           0
 -0.00820999
