   -0.164011
   -0.163937
   -0.163752
   -0.163393
    -0.16278
   -0.161835
   -0.160489
   -0.158685
   -0.156386
   -0.153568
   -0.150219
   -0.146339
   -0.141934
   -0.137016
   -0.131597
   -0.125696
   -0.119328
   -0.112512
   -0.105263
  -0.0975979
  -0.0895319
  -0.0810788
  -0.0722514
  -0.0630618
  -0.0535207
  -0.0436383
  -0.0334234
  -0.0228841
  -0.0120267
-0.000855929
   0.0106262
   0.0224215
   0.0345371
   0.0469882
    0.059801
   0.0730175
   0.0867017
    0.100949
    0.115899
    0.131751
    0.148795
    0.167443
    0.188283
     0.21215
    0.240188
    0.273834
    0.314366
    0.360898
    0.404544
    0.421626
    0.389964
     0.31785
    0.238417
    0.172443
    0.122673
   0.0858279
   0.0583398
   0.0375449
   0.0216175
   0.0093238
-0.000178184
 -0.00747378
  -0.0129789
  -0.0169962
  -0.0197519
  -0.0214197
   -0.022138
  -0.0220202
  -0.0211636
   -0.019654
    -0.01757
  -0.0149856
   -0.011972
 -0.00859857
  -0.0049336
 -0.00104462
  0.00300161
  0.00713934
   0.0113041
   0.0154334
   0.0194667
   0.0233469
   0.0270201
   0.0304368
   0.0335525
   0.0363282
   0.0387319
   0.0407388
   0.0423329
   0.0435085
   0.0442715
   0.0446414
   0.0446534
   0.0443603
   0.0438327
   0.0431585
   0.0424382
   0.0417768
   0.0412715
   0.0409981
           0
  -0.0208425
