  -0.104137
   -0.10515
  -0.107085
  -0.109777
   -0.11302
  -0.116597
  -0.120305
  -0.123974
  -0.127469
  -0.130693
  -0.133581
  -0.136091
    -0.1382
  -0.139899
  -0.141188
  -0.142069
  -0.142549
  -0.142633
  -0.142327
  -0.141633
  -0.140552
  -0.139082
  -0.137217
  -0.134951
  -0.132272
  -0.129167
  -0.125622
  -0.121619
  -0.117136
  -0.112151
  -0.106635
  -0.100556
  -0.093874
  -0.086538
 -0.0784831
 -0.0696236
 -0.0598447
   -0.04899
  -0.036843
 -0.0231006
-0.00733277
  0.0110797
  0.0330408
  0.0598872
  0.0936062
   0.137101
   0.194243
   0.268523
   0.356673
   0.435552
   0.468908
   0.448354
   0.399294
   0.348143
     0.3046
   0.269489
   0.241282
   0.218312
   0.199255
   0.183145
   0.169291
     0.1572
   0.146518
   0.136988
   0.128419
   0.120668
   0.113624
   0.107201
   0.101326
   0.095939
  0.0909838
  0.0864098
  0.0821685
  0.0782121
   0.074493
  0.0709636
  0.0675759
  0.0642816
  0.0610326
  0.0577812
  0.0544804
  0.0510846
  0.0475504
  0.0438369
  0.0399068
  0.0357279
  0.0312739
  0.0265269
  0.0214796
  0.0161395
   0.010533
 0.00471135
 -0.0012423
-0.00720614
 -0.0130142
 -0.0184554
 -0.0232805
 -0.0272213
 -0.0300222
 -0.0314794
          0
  -0.001562
