  -0.162396
   -0.16271
  -0.163273
  -0.163972
  -0.164664
  -0.165205
  -0.165464
  -0.165337
  -0.164744
  -0.163634
  -0.161974
  -0.159752
  -0.156965
   -0.15362
  -0.149729
  -0.145308
  -0.140375
  -0.134948
  -0.129045
  -0.122684
   -0.11588
   -0.10865
  -0.101005
 -0.0929586
 -0.0845212
 -0.0757021
 -0.0665095
 -0.0569497
 -0.0470276
 -0.0367454
 -0.0261025
 -0.0150938
-0.00370837
 0.00807353
  0.0202836
  0.0329705
   0.046207
  0.0600994
  0.0748017
  0.0905354
   0.107619
    0.12651
   0.147868
   0.172642
   0.202173
   0.238244
   0.282755
   0.335894
   0.390202
   0.422298
   0.406739
   0.347715
   0.276288
   0.214491
   0.166749
   0.130804
   0.103606
  0.0827499
   0.066542
  0.0538196
  0.0437806
  0.0358634
  0.0296672
  0.0248993
  0.0213407
   0.018823
  0.0172122
  0.0163981
  0.0162868
  0.0167946
   0.017845
  0.0193658
   0.021287
  0.0235401
  0.0260573
  0.0287711
  0.0316145
  0.0345207
  0.0374243
  0.0402608
  0.0429679
  0.0454857
  0.0477576
  0.0497311
  0.0513583
  0.0525975
  0.0534139
  0.0537815
  0.0536845
  0.0531204
  0.0521027
  0.0506643
  0.0488624
  0.0467815
  0.0445364
   0.042271
  0.0401523
  0.0383568
  0.0370496
  0.0363603
          0
 -0.0184839
