 -0.151856
 -0.152477
 -0.153637
 -0.155193
 -0.156964
 -0.158764
 -0.160422
 -0.161798
 -0.162784
 -0.163306
 -0.163313
 -0.162781
 -0.161698
 -0.160064
 -0.157888
 -0.155182
 -0.151962
 -0.148243
 -0.144041
 -0.139372
 -0.134248
 -0.128682
 -0.122684
 -0.116262
 -0.109423
 -0.102171
-0.0945104
-0.0864414
-0.0779633
-0.0690723
-0.0597611
-0.0500177
-0.0398235
-0.0291505
-0.0179577
-0.0061856
0.00625128
 0.0194751
 0.0336603
 0.0490557
 0.0660181
 0.0850616
  0.106932
  0.132715
  0.163982
  0.202913
  0.252107
  0.312914
  0.379332
  0.428014
  0.429665
   0.38407
  0.320395
  0.262278
  0.216016
  0.180428
  0.152992
  0.131555
  0.114549
  0.100874
 0.0897659
 0.0806828
  0.073238
 0.0671485
 0.0622029
 0.0582392
 0.0551293
 0.0527684
 0.0510676
 0.0499484
 0.0493388
 0.0491711
 0.0493797
 0.0499001
 0.0506682
   0.05162
 0.0526916
 0.0538191
 0.0549394
 0.0559902
 0.0569107
 0.0576426
 0.0581301
 0.0583214
 0.0581692
 0.0576323
 0.0566765
 0.0552769
 0.0534203
 0.0511082
 0.0483606
 0.0452215
 0.0417637
 0.0380946
 0.0343595
 0.0307412
 0.0274527
   0.02472
 0.0227556
 0.0217271
         0
-0.0140993
