  -0.158293
  -0.158771
  -0.159651
  -0.160804
  -0.162065
  -0.163265
  -0.164253
  -0.164903
   -0.16512
  -0.164842
  -0.164026
  -0.162652
  -0.160714
  -0.158216
  -0.155167
  -0.151583
   -0.14748
  -0.142877
  -0.137789
  -0.132233
  -0.126226
  -0.119781
  -0.112909
  -0.105622
 -0.0979294
 -0.0898379
 -0.0813539
 -0.0724816
 -0.0632233
 -0.0535788
 -0.0435444
 -0.0331121
 -0.0222675
 -0.0109871
0.000764943
  0.0130425
  0.0259241
  0.0395236
  0.0540048
  0.0696024
  0.0866534
   0.105643
   0.127272
   0.152558
   0.182954
   0.220438
   0.267259
   0.324179
   0.384472
   0.424794
   0.417807
   0.365513
   0.298008
   0.238104
   0.191154
   0.155437
   0.128169
   0.107072
  0.0905145
  0.0773674
  0.0668468
  0.0584017
  0.0516382
  0.0462685
  0.0420772
  0.0388989
  0.0366025
  0.0350801
  0.0342399
  0.0340007
  0.0342879
   0.035031
   0.036162
   0.037614
  0.0393206
  0.0412156
  0.0432331
  0.0453075
  0.0473737
  0.0493682
  0.0512288
  0.0528959
   0.054313
  0.0554273
  0.0561908
  0.0565618
  0.0565052
  0.0559955
  0.0550179
  0.0535718
  0.0516744
  0.0493644
  0.0467078
  0.0438016
  0.0407778
   0.037802
  0.0350666
  0.0327755
  0.0311202
   0.030251
          0
 -0.0165199
