  -0.118965
  -0.119905
  -0.121696
  -0.124174
  -0.127135
  -0.130364
  -0.133662
   -0.13686
  -0.139828
   -0.14247
  -0.144723
  -0.146546
   -0.14792
  -0.148836
  -0.149295
  -0.149303
  -0.148868
  -0.147999
  -0.146704
  -0.144991
  -0.142863
  -0.140322
  -0.137368
  -0.133998
  -0.130207
  -0.125986
  -0.121327
  -0.116216
  -0.110638
  -0.104576
  -0.098007
 -0.0909043
 -0.0832333
 -0.0749494
 -0.0659937
  -0.056287
 -0.0457217
 -0.0341492
 -0.0213626
-0.00707081
 0.00914049
  0.0278681
  0.0499826
  0.0767677
   0.110122
   0.152792
   0.208373
    0.27987
   0.363372
   0.435597
   0.461758
   0.435332
   0.382705
   0.329759
   0.285448
   0.250133
   0.222051
   0.199414
   0.180836
   0.165315
   0.152141
   0.140806
   0.130946
   0.122297
   0.114662
   0.107892
   0.101872
  0.0965088
  0.0917256
  0.0874559
  0.0836398
  0.0802213
  0.0771465
  0.0743628
  0.0718173
  0.0694574
  0.0672299
  0.0650817
  0.0629598
  0.0608117
  0.0585858
  0.0562323
  0.0537035
  0.0509548
  0.0479457
  0.0446406
  0.0410108
  0.0370364
  0.0327087
   0.028034
  0.0230385
  0.0177734
   0.012322
 0.00680643
 0.00139221
-0.00371088
-0.00825653
 -0.0119808
 -0.0146331
 -0.0160146
          0
-0.00493135
