  -0.143076
  -0.143821
  -0.145225
  -0.147135
  -0.149358
  -0.151696
  -0.153965
  -0.156011
  -0.157716
  -0.158997
  -0.159798
  -0.160087
   -0.15985
  -0.159084
  -0.157794
   -0.15599
  -0.153687
  -0.150897
  -0.147636
  -0.143914
  -0.139744
  -0.135134
  -0.130092
  -0.124624
  -0.118732
  -0.112417
   -0.10568
 -0.0985162
 -0.0909219
 -0.0828887
  -0.074405
 -0.0654541
 -0.0560126
 -0.0460472
 -0.0355114
 -0.0243393
 -0.0124381
0.000323237
    0.01413
  0.0292458
  0.0460475
  0.0650782
  0.0871278
   0.113352
   0.145438
   0.185765
   0.237283
   0.301915
   0.374378
   0.431312
   0.441474
   0.402465
   0.342536
   0.286144
   0.240515
   0.205004
   0.177346
   0.155512
   0.137993
   0.123723
   0.111954
   0.102154
  0.0939445
  0.0870472
  0.0812552
  0.0764103
  0.0723879
  0.0690869
  0.0664217
  0.0643172
  0.0627049
  0.0615202
  0.0607009
  0.0601856
  0.0599133
  0.0598231
  0.0598537
  0.0599442
   0.060034
   0.060063
   0.059973
  0.0597075
  0.0592126
  0.0584381
  0.0573384
  0.0558735
  0.0540106
  0.0517261
  0.0490083
  0.0458606
  0.0423057
  0.0383913
  0.0341956
  0.0298334
  0.0254601
  0.0212715
  0.0174961
  0.0143769
  0.0121433
  0.0109764
          0
 -0.0112988
