 -0.0879474
 -0.0890143
 -0.0910574
 -0.0939133
 -0.0973759
  -0.101228
  -0.105267
  -0.109324
  -0.113262
  -0.116987
  -0.120431
  -0.123553
   -0.12633
  -0.128752
  -0.130815
  -0.132523
  -0.133878
  -0.134882
  -0.135538
  -0.135845
  -0.135799
  -0.135393
  -0.134617
  -0.133458
  -0.131901
  -0.129927
  -0.127515
  -0.124642
  -0.121281
  -0.117405
  -0.112978
  -0.107962
  -0.102313
  -0.095972
 -0.0888698
 -0.0809143
 -0.0719841
 -0.0619155
 -0.0504838
  -0.037376
 -0.0221488
-0.00416484
  0.0175069
  0.0442466
   0.078115
   0.122145
   0.180452
    0.25695
   0.348982
   0.433634
   0.473458
   0.458387
    0.41281
   0.363511
   0.320838
   0.286033
   0.257794
   0.234571
   0.215105
   0.198464
   0.183981
   0.171179
   0.159714
   0.149336
   0.139862
   0.131155
   0.123112
    0.11565
   0.108702
   0.102214
  0.0961356
  0.0904212
  0.0850279
  0.0799134
  0.0750358
  0.0703531
  0.0658228
  0.0614022
  0.0570487
  0.0527197
  0.0483735
  0.0439695
  0.0394688
  0.0348349
  0.0300346
  0.0250388
  0.0198242
  0.0143751
  0.0086856
 0.00276368
-0.00336462
-0.00964922
 -0.0160091
  -0.022325
 -0.0284337
 -0.0341263
 -0.0391549
 -0.0432509
 -0.0461571
 -0.0476677
          0
 0.00180412
