 0.000645889
-0.000380422
 -0.00236052
 -0.00516434
 -0.00862921
  -0.0125866
  -0.0168836
  -0.0213952
  -0.0260283
  -0.0307188
  -0.0354258
  -0.0401254
  -0.0448042
  -0.0494547
  -0.0540713
  -0.0586475
  -0.0631743
  -0.0676391
  -0.0720247
  -0.0763093
  -0.0804666
  -0.0844659
  -0.0882724
  -0.0918476
  -0.0951499
   -0.098135
   -0.100756
   -0.102963
   -0.104705
   -0.105928
   -0.106574
    -0.10658
   -0.105879
   -0.104391
   -0.102026
  -0.0986721
  -0.0941899
  -0.0883991
  -0.0810597
  -0.0718446
  -0.0602971
  -0.0457652
  -0.0272973
 -0.00347663
   0.0278356
   0.0698537
    0.127123
    0.204565
    0.301518
     0.39734
    0.453595
    0.455855
      0.4237
    0.383113
    0.345636
    0.313683
    0.286717
    0.263654
    0.243517
    0.225557
    0.209225
    0.194127
    0.179982
    0.166589
    0.153805
    0.141529
    0.129689
    0.118233
    0.107124
   0.0963336
   0.0858417
   0.0756312
   0.0656877
   0.0559981
   0.0465499
   0.0373305
   0.0283272
    0.019527
   0.0109167
  0.00248303
 -0.00578748
  -0.0139079
  -0.0218907
   -0.029748
  -0.0374904
  -0.0451274
   -0.052666
  -0.0601103
  -0.0674599
  -0.0747074
  -0.0818359
  -0.0888141
  -0.0955908
   -0.102088
   -0.108193
   -0.113758
   -0.118594
    -0.12249
   -0.125237
   -0.126659
           0
   0.0175425
