  -0.157717
   -0.15719
   -0.15614
  -0.154575
  -0.152504
  -0.149937
  -0.146883
   -0.14335
  -0.139347
  -0.134882
  -0.129965
  -0.124608
   -0.11882
  -0.112616
  -0.106007
 -0.0990061
 -0.0916259
 -0.0838783
 -0.0757747
 -0.0673255
 -0.0585405
 -0.0494287
  -0.039998
  -0.030256
 -0.0202096
-0.00986489
0.000772327
  0.0116971
  0.0229053
  0.0343944
  0.0461639
  0.0582166
  0.0705604
  0.0832103
  0.0961917
   0.109545
   0.123332
   0.137643
   0.152611
   0.168426
   0.185361
   0.203801
   0.224293
   0.247597
   0.274726
   0.306872
   0.344852
   0.386926
   0.422929
   0.428527
   0.383682
   0.300017
   0.212847
   0.142329
  0.0899388
  0.0515413
  0.0231017
  0.0017093
 -0.0145954
 -0.0271215
 -0.0367552
 -0.0441084
  -0.049614
 -0.0535853
 -0.0562556
 -0.0578032
 -0.0583693
 -0.0580692
 -0.0570007
 -0.0552499
 -0.0528949
 -0.0500085
 -0.0466603
 -0.0429174
 -0.0388457
 -0.0345093
 -0.0299715
 -0.0252938
 -0.0205361
 -0.0157558
 -0.0110076
-0.00634282
-0.00180877
 0.00255167
 0.00670066
  0.0106059
  0.0142409
  0.0175855
  0.0206261
  0.0233555
  0.0257729
  0.0278835
   0.029698
   0.031231
  0.0324999
  0.0335232
  0.0343185
   0.034901
  0.0352827
  0.0354716
          0
 -0.0210243
