   -0.151784
   -0.151025
   -0.149535
   -0.147362
   -0.144565
   -0.141201
   -0.137324
   -0.132975
   -0.128188
   -0.122988
   -0.117394
   -0.111423
   -0.105088
  -0.0984002
  -0.0913706
  -0.0840086
  -0.0763229
  -0.0683218
  -0.0600122
  -0.0514006
  -0.0424927
  -0.0332932
  -0.0238066
  -0.0140364
 -0.00398602
  0.00634171
   0.0169442
   0.0278196
   0.0389664
   0.0503847
   0.0620764
   0.0740464
   0.0863045
   0.0988673
    0.111762
     0.12503
    0.138734
    0.152965
    0.167856
    0.183597
    0.200457
    0.218818
    0.239218
    0.262398
    0.289336
    0.321151
    0.358508
    0.399357
    0.433002
    0.434665
     0.38486
    0.296454
    0.205815
    0.133054
    0.079222
   0.0398543
   0.0107196
  -0.0112029
  -0.0279352
  -0.0408229
  -0.0507742
  -0.0584147
  -0.0641856
  -0.0684056
  -0.0713112
  -0.0730827
  -0.0738618
  -0.0737641
  -0.0728871
  -0.0713159
  -0.0691274
  -0.0663929
    -0.06318
  -0.0595539
  -0.0555779
  -0.0513137
  -0.0468215
  -0.0421597
  -0.0373847
  -0.0325503
  -0.0277073
  -0.0229029
  -0.0181802
  -0.0135776
 -0.00912872
 -0.00486154
-0.000798706
  0.00304272
  0.00665092
   0.0100186
   0.0131423
     0.01602
     0.01865
   0.0210275
   0.0231421
   0.0249761
   0.0265033
   0.0276917
   0.0285079
    0.028924
           0
   -0.020347
