  -0.161801
  -0.161505
  -0.160897
  -0.159946
  -0.158614
  -0.156864
  -0.154665
  -0.151992
  -0.148828
  -0.145167
  -0.141008
  -0.136356
   -0.13122
  -0.125612
  -0.119546
  -0.113038
  -0.106102
 -0.0987546
  -0.091009
 -0.0828795
 -0.0743789
 -0.0655192
 -0.0563114
 -0.0467658
 -0.0368917
 -0.0266979
 -0.0161921
-0.00538144
 0.00572839
  0.0171332
  0.0288312
  0.0408242
   0.053119
  0.0657303
  0.0786832
  0.0920183
   0.105797
   0.120113
     0.1351
   0.150951
   0.167946
   0.186482
   0.207121
   0.230654
   0.258151
   0.290912
   0.329959
   0.373943
   0.413311
   0.424102
   0.385371
   0.307199
   0.223811
   0.155584
   0.104566
  0.0670213
  0.0391386
  0.0181277
 0.00209547
 -0.0102295
 -0.0197109
 -0.0269473
 -0.0323628
 -0.0362654
 -0.0388848
 -0.0403973
 -0.0409426
 -0.0406357
  -0.039574
  -0.037844
 -0.0355242
 -0.0326885
 -0.0294076
   -0.02575
 -0.0217833
 -0.0175736
 -0.0131864
-0.00868561
-0.00413386
0.000408432
  0.0048834
  0.0092363
  0.0134162
  0.0173764
  0.0210754
  0.0244773
  0.0275522
  0.0302775
  0.0326381
   0.034627
  0.0362469
    0.03751
  0.0384394
  0.0390693
  0.0394444
   0.039619
  0.0396536
  0.0396099
  0.0395442
  0.0394996
          0
 -0.0212001
