 -0.0151262
 -0.0162368
 -0.0183766
 -0.0213994
 -0.0251217
 -0.0293521
 -0.0339152
 -0.0386663
 -0.0434954
 -0.0483254
 -0.0531065
 -0.0578084
 -0.0624147
 -0.0669167
 -0.0713095
 -0.0755888
 -0.0797487
 -0.0837804
 -0.0876712
  -0.091404
 -0.0949575
 -0.0983061
   -0.10142
  -0.104266
  -0.106808
  -0.109007
  -0.110819
  -0.112201
  -0.113106
  -0.113484
  -0.113281
  -0.112439
  -0.110893
  -0.108569
  -0.105377
  -0.101209
  -0.095928
 -0.0893538
 -0.0812471
 -0.0712797
  -0.058992
 -0.0437267
 -0.0245238
4.64424e-05
   0.032141
   0.074997
   0.133177
   0.211573
   0.309343
   0.405397
   0.460928
   0.461726
    0.42805
   0.386279
   0.347994
   0.315537
   0.288296
   0.265131
   0.245028
   0.227211
   0.211112
   0.196323
   0.182554
   0.169594
   0.157295
   0.145549
   0.134277
   0.123423
   0.112943
   0.102806
  0.0929851
  0.0834581
  0.0742054
  0.0652083
  0.0564486
   0.047908
   0.039568
  0.0314095
  0.0234134
  0.0155601
  0.0078305
0.000205363
-0.00733373
 -0.0148043
 -0.0222224
 -0.0296023
 -0.0369553
 -0.0442887
 -0.0516039
 -0.0588942
 -0.0661404
 -0.0733061
 -0.0803315
 -0.0871252
 -0.0935575
 -0.0994556
  -0.104607
  -0.108772
  -0.111714
   -0.11324
          0
  0.0151232
