 -0.0321313
 -0.0332859
 -0.0355078
 -0.0386404
 -0.0424859
 -0.0468374
  -0.051504
 -0.0563263
 -0.0611817
 -0.0659831
 -0.0706729
 -0.0752157
  -0.079592
  -0.083792
 -0.0878113
 -0.0916472
 -0.0952966
 -0.0987542
  -0.102011
  -0.105055
   -0.10787
  -0.110434
  -0.112725
  -0.114712
  -0.116366
  -0.117653
  -0.118535
  -0.118973
  -0.118924
  -0.118345
  -0.117186
  -0.115393
  -0.112905
  -0.109653
  -0.105549
  -0.100491
 -0.0943412
 -0.0869246
 -0.0780026
 -0.0672481
 -0.0542014
 -0.0382041
 -0.0182941
 0.00696072
  0.0397183
  0.0832074
   0.141952
   0.220724
   0.318372
   0.413339
   0.466737
   0.464934
   0.429046
   0.385739
   0.346485
   0.313462
   0.285939
   0.262698
   0.242676
   0.225062
   0.209269
   0.194873
    0.18157
   0.169141
   0.157429
    0.14632
    0.13573
   0.125594
   0.115866
   0.106507
  0.0974849
  0.0887721
  0.0803431
  0.0721734
  0.0642388
  0.0565151
  0.0489774
  0.0416008
  0.0343597
  0.0272286
  0.0201819
  0.0131947
 0.00624277
  -0.000697
-0.00764582
 -0.0146224
 -0.0216419
 -0.0287145
 -0.0358434
 -0.0430214
 -0.0502273
 -0.0574201
 -0.0645317
 -0.0714596
 -0.0780593
 -0.0841403
 -0.0894701
 -0.0937899
 -0.0968463
 -0.0984329
          0
  0.0123964
