  -0.0497987
  -0.0509631
  -0.0532011
  -0.0563495
  -0.0602019
  -0.0645415
  -0.0691673
    -0.07391
  -0.0786385
  -0.0832585
  -0.0877066
  -0.0919434
  -0.0959472
  -0.0997071
   -0.103219
   -0.106482
   -0.109496
   -0.112257
   -0.114762
   -0.117002
   -0.118965
   -0.120636
   -0.121995
   -0.123021
   -0.123687
   -0.123964
   -0.123821
   -0.123224
   -0.122136
   -0.120517
   -0.118324
   -0.115508
   -0.112012
    -0.10777
   -0.102702
  -0.0967058
  -0.0896514
  -0.0813651
  -0.0716123
  -0.0600688
  -0.0462783
   -0.029586
 -0.00903471
   0.0167988
   0.0500544
   0.0939209
    0.152829
    0.231339
    0.327888
    0.420469
    0.470428
    0.465047
    0.426415
    0.381344
    0.341046
    0.307457
    0.279689
    0.256428
    0.236553
     0.21922
    0.203815
    0.189897
     0.17715
    0.165346
     0.15432
    0.143949
    0.134143
    0.124833
    0.115965
    0.107494
   0.0993828
   0.0915982
   0.0841084
   0.0768829
   0.0698915
   0.0631038
   0.0564887
    0.050015
   0.0436511
   0.0373652
   0.0311258
    0.024902
    0.018664
   0.0123835
  0.00603448
-0.000406073
 -0.00695681
  -0.0136304
  -0.0204313
  -0.0273522
  -0.0343698
  -0.0414388
  -0.0484845
  -0.0553952
  -0.0620149
  -0.0681403
  -0.0735251
  -0.0778984
  -0.0809962
  -0.0826052
           0
  0.00940349
