 -0.0675505
 -0.0686969
 -0.0708971
 -0.0739839
 -0.0777462
 -0.0819618
 -0.0864238
 -0.0909575
 -0.0954266
 -0.0997322
  -0.103807
   -0.10761
  -0.111118
  -0.114318
  -0.117209
   -0.11979
  -0.122062
  -0.124028
  -0.125684
  -0.127028
  -0.128053
  -0.128747
  -0.129096
  -0.129083
  -0.128687
  -0.127886
  -0.126654
  -0.124961
  -0.122777
  -0.120067
  -0.116793
  -0.112911
   -0.10837
   -0.10311
 -0.0970537
 -0.0901053
 -0.0821387
 -0.0729854
 -0.0624159
 -0.0501116
 -0.0356225
 -0.0183024
 0.00279314
  0.0290669
  0.0626217
   0.106574
   0.165209
   0.242792
   0.337265
   0.426221
   0.471571
   0.461806
    0.42005
   0.373094
   0.331754
   0.297651
   0.269708
   0.246507
   0.226863
   0.209894
   0.194961
   0.181606
   0.169502
    0.15841
   0.148157
   0.138613
   0.129681
   0.121287
    0.11337
   0.105879
  0.0987727
  0.0920099
  0.0855538
  0.0793678
  0.0734156
  0.0676607
   0.062066
  0.0565941
  0.0512073
  0.0458681
   0.040539
  0.0351836
  0.0297668
  0.0242553
  0.0186185
  0.0128297
 0.00686685
0.000715097
-0.00563115
 -0.0121645
   -0.01886
  -0.025669
 -0.0325116
 -0.0392694
 -0.0457783
 -0.0518261
 -0.0571585
 -0.0614976
 -0.0645747
 -0.0661739
          0
 0.00619585
