0.00930055
 0.0106229
 0.0131481
  0.016663
 0.0209023
 0.0255917
 0.0304808
 0.0353625
 0.0400799
 0.0445243
 0.0486285
 0.0523585
 0.0557058
 0.0586807
 0.0613068
 0.0636168
 0.0656503
 0.0674511
 0.0690662
 0.0705448
 0.0719374
 0.0732954
 0.0746708
 0.0761157
  0.077682
 0.0794212
 0.0813843
 0.0836218
  0.086184
 0.0891211
 0.0924843
 0.0963267
  0.100706
  0.105684
  0.111337
  0.117752
  0.125042
  0.133351
   0.14287
  0.153856
  0.166665
  0.181791
  0.199926
  0.222047
    0.2495
  0.284016
  0.327277
  0.378835
  0.429749
    0.4545
  0.427368
  0.355107
  0.272143
  0.201298
  0.146288
  0.104065
 0.0710494
 0.0445137
 0.0225775
0.00397095
-0.0121667
-0.0264254
-0.0392146
-0.0508223
-0.0614533
-0.0712549
-0.0803343
-0.0887706
-0.0966228
 -0.103936
 -0.110746
 -0.117079
  -0.12296
 -0.128407
 -0.133435
 -0.138057
 -0.142284
 -0.146122
 -0.149576
 -0.152648
 -0.155337
 -0.157636
 -0.159539
 -0.161034
 -0.162108
 -0.162749
 -0.162944
 -0.162683
 -0.161966
 -0.160803
 -0.159218
 -0.157257
 -0.154993
 -0.152524
 -0.149974
 -0.147493
 -0.145242
 -0.143381
 -0.142051
 -0.141358
         0
0.00887942
