 -0.0848319
 -0.0859379
 -0.0880563
 -0.0910182
 -0.0946106
 -0.0986091
  -0.102805
   -0.10702
  -0.111118
  -0.114997
  -0.118588
   -0.12185
  -0.124757
    -0.1273
  -0.129476
  -0.131287
  -0.132737
  -0.133829
  -0.134566
  -0.134948
  -0.134971
  -0.134631
  -0.133917
  -0.132817
  -0.131316
  -0.129397
  -0.127039
   -0.12422
  -0.120913
   -0.11709
  -0.112718
  -0.107758
  -0.102167
 -0.0958862
 -0.0888472
 -0.0809587
 -0.0721002
 -0.0621093
 -0.0507632
 -0.0377511
  -0.022633
-0.00477621
  0.0167439
  0.0432977
  0.0769323
   0.120661
   0.178574
   0.254569
   0.346025
   0.430211
   0.469929
   0.455136
   0.410008
   0.361138
   0.318815
   0.284284
   0.256261
   0.233211
   0.213886
   0.197365
   0.182985
   0.170272
   0.158886
   0.148581
   0.139173
   0.130528
   0.122543
   0.115135
   0.108239
   0.101799
  0.0957668
  0.0900959
  0.0847436
  0.0796675
  0.0748254
   0.070175
  0.0656732
   0.061277
  0.0569429
  0.0526277
  0.0482885
  0.0438837
  0.0393731
  0.0347191
  0.0298869
  0.0248461
  0.0195718
  0.0140471
 0.00826515
 0.00223315
-0.00402284
 -0.0104519
 -0.0169707
 -0.0234565
 -0.0297401
 -0.0356047
 -0.0407921
 -0.0450222
  -0.048026
 -0.0495882
          0
 0.00283595
