   -0.101132
   -0.102179
   -0.104179
   -0.106963
   -0.110318
   -0.114021
   -0.117864
   -0.121671
   -0.125303
   -0.128661
   -0.131677
   -0.134309
   -0.136534
   -0.138341
    -0.13973
   -0.140705
   -0.141273
   -0.141438
   -0.141208
   -0.140586
   -0.139573
   -0.138167
   -0.136363
   -0.134156
   -0.131534
   -0.128486
   -0.124996
   -0.121047
   -0.116619
   -0.111689
   -0.106229
   -0.100208
  -0.0935844
  -0.0863096
  -0.0783186
  -0.0695267
  -0.0598199
   -0.049043
  -0.0369812
  -0.0233339
 -0.00767404
    0.010613
   0.0324246
   0.0590882
   0.0925773
    0.135775
    0.192529
    0.266308
    0.353878
    0.432271
    0.465482
     0.44516
     0.39651
    0.345758
    0.302543
    0.267691
    0.239688
    0.216882
    0.197959
    0.181961
    0.168204
    0.156197
     0.14559
    0.136127
    0.127619
    0.119924
    0.112933
    0.106559
    0.100731
   0.0953864
    0.090472
   0.0859363
   0.0817309
   0.0778078
   0.0741194
   0.0706177
   0.0672545
    0.063981
   0.0607486
   0.0575088
    0.054214
   0.0508176
   0.0472751
   0.0435447
   0.0395878
   0.0353709
   0.0308665
   0.0260555
   0.0209299
   0.0154963
  0.00978115
  0.00383638
 -0.00225313
 -0.00836237
  -0.0143204
  -0.0199092
  -0.0248708
   -0.028927
  -0.0318119
  -0.0333135
           0
-0.000601932
