  -0.116002
  -0.116973
  -0.118822
  -0.121381
   -0.12444
   -0.12778
  -0.131196
  -0.134515
  -0.137603
  -0.140362
  -0.142728
   -0.14466
  -0.146136
   -0.14715
    -0.1477
  -0.147795
  -0.147442
   -0.14665
  -0.145429
  -0.143785
  -0.141723
  -0.139245
  -0.136353
  -0.133043
   -0.12931
  -0.125147
  -0.120544
   -0.11549
  -0.109969
  -0.103963
 -0.0974522
 -0.0904085
 -0.0827979
 -0.0745765
 -0.0656859
 -0.0560476
 -0.0455549
 -0.0340605
 -0.0213592
-0.00716202
 0.00894218
  0.0275458
  0.0495128
  0.0761178
   0.109245
   0.151623
   0.206819
   0.277818
   0.360734
   0.432452
   0.458431
   0.432192
   0.379935
   0.327359
   0.283356
   0.248285
   0.220395
   0.197912
   0.179461
   0.164046
   0.150961
   0.139704
   0.129914
   0.121327
   0.113748
   0.107029
   0.101056
  0.0957362
  0.0909934
  0.0867614
  0.0829804
  0.0795946
  0.0765502
  0.0737942
  0.0712741
  0.0689368
  0.0667291
  0.0645975
  0.0624885
  0.0603491
  0.0581273
  0.0557723
  0.0532357
   0.050472
  0.0474397
  0.0441021
  0.0404295
  0.0364009
  0.0320068
  0.0272529
  0.0221651
  0.0167953
  0.0112281
 0.00558834
4.57049e-05
-0.00518407
-0.00984707
 -0.0136706
 -0.0163953
  -0.017815
          0
-0.00403243
