  -0.129068
  -0.129947
  -0.131613
  -0.133903
  -0.136612
  -0.139526
  -0.142448
   -0.14521
  -0.147686
  -0.149782
  -0.151436
  -0.152613
  -0.153293
  -0.153471
   -0.15315
  -0.152338
  -0.151047
  -0.149288
  -0.147073
  -0.144411
  -0.141312
  -0.137782
  -0.133824
  -0.129441
  -0.124631
  -0.119392
   -0.11372
  -0.107608
  -0.101045
 -0.0940188
 -0.0865141
 -0.0785089
 -0.0699749
 -0.0608736
 -0.0511528
  -0.040741
 -0.0295386
 -0.0174069
-0.00415123
  0.0105041
  0.0269523
  0.0457602
  0.0677534
  0.0941454
    0.12672
   0.168028
   0.221325
   0.289071
   0.366701
   0.431023
   0.449186
   0.416729
   0.360809
   0.306468
    0.26176
   0.226553
   0.198847
   0.176745
   0.158809
   0.144011
   0.131625
   0.121137
   0.112175
    0.10447
  0.0978216
  0.0920763
  0.0871149
  0.0828405
  0.0791722
  0.0760391
  0.0733769
  0.0711252
  0.0692258
  0.0676212
  0.0662542
  0.0650676
  0.0640037
  0.0630048
  0.0620134
  0.0609726
  0.0598266
  0.0585212
  0.0570046
  0.0552285
  0.0531485
  0.0507257
  0.0479283
  0.0447334
  0.0411302
   0.037123
  0.0327364
  0.0280209
  0.0230593
  0.0179734
  0.0129289
 0.00813567
 0.00383974
0.000304336
-0.00222099
-0.00353858
          0
-0.00736136
