  -0.140048
  -0.140818
   -0.14227
  -0.144247
  -0.146552
   -0.14898
  -0.151344
  -0.153488
   -0.15529
  -0.156667
  -0.157561
  -0.157941
   -0.15779
  -0.157108
  -0.155898
  -0.154173
  -0.151945
  -0.149228
  -0.146036
  -0.142383
  -0.138279
  -0.133735
  -0.128757
  -0.123351
  -0.117521
  -0.111268
  -0.104591
 -0.0974887
 -0.0899553
 -0.0819833
 -0.0735614
 -0.0646731
 -0.0552955
 -0.0453956
 -0.0349275
 -0.0238258
 -0.0119988
0.000683463
  0.0144048
  0.0294266
  0.0461226
  0.0650317
  0.0869376
   0.112987
   0.144853
   0.184896
   0.236036
   0.300175
   0.372043
   0.428432
    0.43834
   0.399431
   0.339796
   0.283718
   0.238357
   0.203061
   0.175573
   0.153875
   0.136468
   0.122291
   0.110599
   0.100866
  0.0927147
  0.0858684
  0.0801215
  0.0753168
  0.0713305
  0.0680619
  0.0654259
  0.0633475
  0.0617586
  0.0605948
  0.0597938
  0.0592946
   0.059036
   0.058957
  0.0589965
  0.0590933
  0.0591866
  0.0592163
  0.0591236
  0.0588517
  0.0583462
  0.0575565
  0.0564361
  0.0549443
  0.0530476
  0.0507217
  0.0479541
  0.0447476
  0.0411247
  0.0371334
  0.0328526
   0.028399
  0.0239309
  0.0196486
  0.0157862
  0.0125933
   0.010306
 0.00911057
          0
 -0.0104897
