  -0.148759
  -0.149403
  -0.150608
  -0.152225
  -0.154071
  -0.155954
    -0.1577
  -0.159166
  -0.160242
  -0.160852
  -0.160947
  -0.160499
  -0.159498
  -0.157944
  -0.155846
  -0.153215
  -0.150069
  -0.146422
   -0.14229
  -0.137689
  -0.132633
  -0.127133
  -0.121201
  -0.114843
  -0.108068
   -0.10088
 -0.0932823
 -0.0852763
 -0.0768612
 -0.0680333
 -0.0587858
 -0.0491069
 -0.0389781
 -0.0283721
 -0.0172481
-0.00554744
 0.00681457
   0.019959
  0.0340586
  0.0493603
  0.0662179
  0.0851411
    0.10687
   0.132481
   0.163531
   0.202181
   0.251004
   0.311319
    0.37714
   0.425261
   0.426625
   0.381091
   0.317675
   0.259847
   0.213834
   0.178446
    0.15117
   0.129862
   0.112959
  0.0993711
  0.0883349
  0.0793133
  0.0719213
  0.0658776
  0.0609721
  0.0570435
  0.0539644
  0.0516306
  0.0499535
  0.0488548
   0.048263
  0.0481104
  0.0483315
   0.048862
  0.0496379
  0.0505952
    0.05167
  0.0527983
   0.053917
  0.0549636
  0.0558773
  0.0565991
  0.0570733
  0.0572474
  0.0570738
  0.0565105
  0.0555229
  0.0540854
   0.052184
  0.0498199
  0.0470128
  0.0438068
  0.0402754
  0.0365274
  0.0327108
   0.029012
  0.0256489
  0.0228529
  0.0208424
  0.0197895
          0
 -0.0133194
