 -0.155128
 -0.155627
 -0.156548
 -0.157758
 -0.159087
 -0.160364
 -0.161433
 -0.162166
 -0.162467
 -0.162271
 -0.161537
 -0.160243
 -0.158384
 -0.155962
 -0.152989
 -0.149479
 -0.145449
 -0.140917
 -0.135899
 -0.130413
 -0.124474
 -0.118097
 -0.111292
 -0.104071
-0.0964442
-0.0884181
-0.0799991
-0.0711917
-0.0619982
-0.0524186
-0.0424495
-0.0320832
-0.0213054
-0.0100931
0.00158911
 0.0137944
 0.0266007
 0.0401206
 0.0545164
 0.0700207
 0.0869676
  0.105838
  0.127328
  0.152444
  0.182627
  0.219835
  0.266289
  0.322722
  0.382416
  0.422163
  0.414862
  0.362592
  0.295312
  0.235672
  0.188953
  0.153425
  0.126307
   0.10533
 0.0888699
 0.0758031
 0.0653494
 0.0569607
 0.0502452
 0.0449165
 0.0407605
 0.0376125
  0.035342
 0.0338417
 0.0330201
 0.0327963
 0.0330959
 0.0338487
 0.0349868
 0.0364434
 0.0381522
 0.0400471
 0.0420623
 0.0441321
 0.0461916
 0.0481771
 0.0500263
 0.0516796
 0.0530801
 0.0541747
 0.0549154
 0.0552595
 0.0551719
 0.0546263
 0.0536076
 0.0521147
 0.0501645
  0.047796
 0.0450755
 0.0421015
 0.0390078
 0.0359632
 0.0331644
 0.0308197
 0.0291253
 0.0282355
         0
  -0.01576
