   -0.15918
  -0.159514
  -0.160114
  -0.160864
  -0.161619
  -0.162229
  -0.162562
  -0.162511
  -0.161996
  -0.160962
   -0.15938
  -0.157234
  -0.154521
   -0.15125
  -0.147432
  -0.143084
  -0.138223
  -0.132867
  -0.127035
  -0.120744
  -0.114009
  -0.106847
 -0.0992706
 -0.0912917
 -0.0829214
 -0.0741691
  -0.065043
 -0.0555496
 -0.0456937
 -0.0354778
 -0.0249015
 -0.0139599
-0.00264233
  0.0090706
  0.0212101
  0.0338243
  0.0469852
  0.0607979
   0.075415
  0.0910561
   0.108037
   0.126811
   0.148031
   0.172638
    0.20196
   0.237759
   0.281909
   0.334565
   0.388275
   0.419785
   0.403886
   0.344853
   0.273622
   0.212066
   0.164539
   0.128769
   0.101712
  0.0809686
   0.064852
  0.0522044
  0.0422273
  0.0343619
  0.0282092
  0.0234779
  0.0199503
  0.0174584
  0.0158691
  0.0150727
  0.0149753
  0.0154939
   0.016552
  0.0180775
  0.0200008
  0.0222534
  0.0247677
  0.0274763
  0.0303123
   0.033209
   0.036101
   0.038924
  0.0416155
  0.0441156
  0.0463677
  0.0483189
  0.0499214
  0.0511329
  0.0519185
  0.0522516
  0.0521163
  0.0515096
  0.0504449
  0.0489553
  0.0470983
  0.0449594
  0.0426552
  0.0403321
  0.0381605
  0.0363205
   0.034981
  0.0342747
          0
 -0.0177363
