   -0.161022
   -0.161168
   -0.161408
   -0.161647
   -0.161767
   -0.161652
   -0.161196
   -0.160316
    -0.15895
   -0.157059
   -0.154622
    -0.15163
   -0.148086
   -0.143999
   -0.139383
   -0.134255
   -0.128631
   -0.122531
   -0.115973
   -0.108972
   -0.101547
  -0.0937105
  -0.0854776
  -0.0768603
  -0.0678703
  -0.0585176
  -0.0488115
  -0.0387596
  -0.0283683
  -0.0176416
 -0.00658097
  0.00481637
   0.0165588
   0.0286627
   0.0411561
   0.0540832
    0.067511
   0.0815386
   0.0963101
    0.112034
    0.129009
    0.147664
    0.168615
     0.19274
    0.221263
    0.255764
    0.297789
    0.346938
    0.395029
    0.418699
    0.394478
    0.328762
    0.253512
    0.189911
    0.141435
    0.105286
   0.0781551
   0.0575137
   0.0416091
   0.0292484
   0.0196136
   0.0121342
  0.00640391
  0.00212643
-0.000919777
 -0.00290527
 -0.00396566
 -0.00421266
 -0.00374178
 -0.00263775
-0.000978268
  0.00116335
  0.00371642
  0.00661177
  0.00978105
   0.0131565
   0.0166709
   0.0202578
   0.0238518
    0.027389
   0.0308077
    0.034049
    0.037057
   0.0397802
    0.042172
   0.0441913
    0.045804
   0.0469842
   0.0477156
   0.0479935
   0.0478275
   0.0472444
   0.0462912
   0.0450383
   0.0435813
   0.0420403
    0.040554
   0.0392686
   0.0383208
   0.0378174
           0
  -0.0191938
