  -0.160797
  -0.160736
  -0.160578
  -0.160255
  -0.159688
  -0.158795
  -0.157505
  -0.155761
  -0.153524
   -0.15077
  -0.147487
  -0.143673
  -0.139335
  -0.134484
  -0.129134
  -0.123301
  -0.117002
  -0.110255
  -0.103075
 -0.0954792
 -0.0874821
 -0.0790978
 -0.0703391
 -0.0612178
 -0.0517449
 -0.0419304
 -0.0317833
 -0.0213116
 -0.0105217
0.000581454
  0.0119958
   0.023723
    0.03577
  0.0481515
  0.0608934
  0.0740371
   0.087646
   0.101814
    0.11668
   0.132442
   0.149385
   0.167919
   0.188627
   0.212333
   0.240169
   0.273553
   0.313735
   0.359797
   0.402849
    0.41933
    0.38729
   0.315111
   0.235821
   0.170047
   0.120463
  0.0837725
  0.0564085
   0.035713
  0.0198659
 0.00763742
-0.00181121
-0.00906302
 -0.0145322
 -0.0185202
 -0.0212521
 -0.0229013
 -0.0236053
 -0.0234773
 -0.0226141
 -0.0211013
 -0.0190174
 -0.0164361
 -0.0134284
 -0.0100635
 -0.0064095
-0.00253383
 0.00149696
 0.00561728
 0.00976286
  0.0138712
  0.0178822
  0.0217386
  0.0253866
   0.028777
  0.0318649
  0.0346118
  0.0369852
  0.0389604
  0.0405214
  0.0416623
  0.0423891
  0.0427215
   0.042695
  0.0423629
  0.0417971
  0.0410866
  0.0403339
  0.0396457
  0.0391213
  0.0388379
          0
 -0.0201032
