  0.0171985
  0.0184204
  0.0207533
  0.0239993
   0.027911
   0.032231
  0.0367229
  0.0411886
  0.0454755
  0.0494747
  0.0531156
  0.0563592
  0.0591911
  0.0616157
  0.0636516
  0.0653281
  0.0666824
  0.0677576
  0.0686011
  0.0692635
  0.0697981
  0.0702595
  0.0707038
  0.0711873
  0.0717668
  0.0724988
  0.0734397
  0.0746452
  0.0761709
  0.0780724
  0.0804064
  0.0832314
  0.0866098
  0.0906105
  0.0953126
   0.100811
   0.107221
   0.114695
   0.123429
   0.133688
   0.145837
   0.160384
   0.178043
   0.199825
   0.227143
   0.261856
   0.305905
   0.359354
   0.414119
   0.445341
   0.426286
   0.361629
   0.284079
   0.216557
   0.163485
    0.12236
  0.0899204
  0.0636198
  0.0416809
  0.0228957
 0.00644266
-0.00824191
 -0.0215492
 -0.0337533
 -0.0450483
 -0.0555724
 -0.0654248
 -0.0746773
 -0.0833824
 -0.0915787
  -0.099295
  -0.106553
   -0.11337
  -0.119758
  -0.125728
  -0.131285
  -0.136435
  -0.141181
  -0.145522
  -0.149454
  -0.152975
  -0.156075
  -0.158745
  -0.160974
   -0.16275
   -0.16406
  -0.164894
  -0.165245
  -0.165112
  -0.164504
  -0.163441
   -0.16196
  -0.160122
  -0.158008
  -0.155734
  -0.153441
  -0.151295
  -0.149474
  -0.148147
  -0.147447
          0
  0.0122901
