  -0.158643
  -0.158358
  -0.157769
  -0.156845
  -0.155548
  -0.153839
  -0.151686
  -0.149063
  -0.145953
  -0.142348
  -0.138247
  -0.133655
  -0.128581
  -0.123037
  -0.117036
  -0.110593
  -0.103724
  -0.096443
 -0.0887648
  -0.080703
 -0.0722702
 -0.0634784
 -0.0543386
 -0.0448608
 -0.0350545
 -0.0249283
   -0.01449
-0.00374669
 0.00729578
  0.0186332
  0.0302636
  0.0421887
  0.0544151
  0.0669571
  0.0798395
  0.0931022
   0.106807
   0.121044
   0.135948
    0.15171
   0.168606
   0.187029
   0.207538
   0.230914
   0.258213
   0.290717
    0.32942
    0.37294
   0.411719
   0.421906
   0.382781
   0.304521
   0.221255
   0.153211
   0.102366
  0.0649659
  0.0372001
   0.016283
0.000326312
 -0.0119375
 -0.0213691
  -0.028565
 -0.0339476
 -0.0378238
 -0.0404223
 -0.0419189
 -0.0424528
 -0.0421383
 -0.0410728
 -0.0393425
 -0.0370256
 -0.0341959
 -0.0309237
 -0.0272776
 -0.0233247
 -0.0191312
 -0.0147622
 -0.0102816
-0.00575171
-0.00123274
  0.0032176
 0.00754475
  0.0116979
  0.0156306
  0.0193014
  0.0226745
  0.0257201
  0.0284156
   0.030746
  0.0327045
  0.0342938
  0.0355263
  0.0364254
  0.0370258
  0.0373729
  0.0375218
  0.0375339
  0.0374721
  0.0373936
  0.0373424
          0
 -0.0204607
