   -0.154644
   -0.154122
   -0.153085
   -0.151538
   -0.149491
   -0.146954
   -0.143934
   -0.140441
   -0.136482
   -0.132065
   -0.127199
   -0.121896
   -0.116165
    -0.11002
   -0.103471
  -0.0965323
  -0.0892155
  -0.0815322
  -0.0734937
  -0.0651102
  -0.0563914
   -0.047346
   -0.037982
  -0.0283067
   -0.018327
 -0.00804908
  0.00252142
   0.0133795
    0.024521
   0.0359433
   0.0476457
   0.0596312
   0.0719071
   0.0844883
   0.0973998
    0.110682
    0.124395
    0.138628
    0.153515
    0.169241
    0.186079
    0.204409
    0.224773
    0.247923
    0.274858
    0.306753
    0.344395
    0.386011
     0.42143
    0.426423
    0.381171
    0.297399
    0.210332
    0.139982
   0.0877529
   0.0494915
   0.0211624
-0.000141348
  -0.0163747
  -0.0288432
  -0.0384301
  -0.0457457
  -0.0512209
  -0.0551683
  -0.0578201
  -0.0593541
  -0.0599109
  -0.0596055
  -0.0585354
  -0.0567865
  -0.0544366
  -0.0515584
  -0.0482211
  -0.0444918
  -0.0404361
   -0.036118
  -0.0316005
  -0.0269449
  -0.0222109
  -0.0174555
  -0.0127334
 -0.00809557
 -0.00358909
 0.000743373
   0.0048642
  0.00874126
   0.0123483
   0.0156654
   0.0186791
   0.0213823
   0.0237746
   0.0258614
   0.0276535
    0.029166
   0.0304167
   0.0314241
   0.0322064
   0.0327789
   0.0331538
   0.0333392
           0
  -0.0202842
