  -0.148811
  -0.148054
   -0.14657
  -0.144406
  -0.141622
  -0.138277
  -0.134424
  -0.130105
  -0.125353
  -0.120192
  -0.114642
  -0.108719
  -0.102435
  -0.095801
 -0.0888277
 -0.0815239
 -0.0738983
 -0.0659585
 -0.0577114
 -0.0491633
 -0.0403194
 -0.0311845
 -0.0217628
 -0.0120578
-0.00207278
 0.00818948
  0.0187265
  0.0295362
  0.0406173
  0.0519698
  0.0635954
  0.0754989
    0.08769
   0.100185
   0.113011
   0.126208
   0.139839
   0.153994
   0.168805
   0.184458
   0.201223
   0.219476
   0.239751
   0.262779
   0.289527
   0.321097
   0.358122
   0.398519
   0.431587
   0.432645
   0.382425
   0.293895
   0.203341
   0.130734
   0.077054
  0.0378149
 0.00878491
 -0.0130534
  -0.029718
 -0.0425511
 -0.0524584
 -0.0600635
 -0.0658063
 -0.0700044
 -0.0728934
  -0.074653
 -0.0754246
 -0.0753234
 -0.0744465
 -0.0728788
  -0.070697
 -0.0679722
 -0.0647719
 -0.0611609
 -0.0572024
 -0.0529579
 -0.0484873
 -0.0438489
 -0.0390987
 -0.0342902
 -0.0294741
 -0.0246972
 -0.0200023
 -0.0154277
 -0.0110064
-0.00676633
-0.00272978
 0.00108648
 0.00467092
 0.00801661
  0.0111202
  0.0139802
   0.016595
  0.0189599
  0.0210648
  0.0228916
   0.024414
  0.0255994
  0.0264139
  0.0268293
          0
 -0.0196069
