   -0.14111
  -0.140133
  -0.138229
  -0.135489
   -0.13202
  -0.127931
  -0.123317
  -0.118254
    -0.1128
  -0.106996
  -0.100871
 -0.0944443
 -0.0877313
 -0.0807415
 -0.0734823
 -0.0659591
 -0.0581763
 -0.0501366
 -0.0418423
 -0.0332945
 -0.0244937
 -0.0154399
-0.00613236
 0.00342978
  0.0132478
  0.0233232
  0.0336575
  0.0442526
  0.0551109
  0.0662359
  0.0776327
  0.0893091
   0.101278
   0.113558
   0.126179
   0.139185
   0.152639
   0.166635
   0.181305
   0.196842
   0.213512
   0.231697
   0.251926
   0.274928
   0.301655
   0.333168
   0.370011
   0.409881
   0.441643
   0.440124
   0.386251
   0.293899
   0.200322
   0.125615
  0.0704902
  0.0302094
0.000379737
 -0.0221112
 -0.0393376
 -0.0526753
 -0.0630507
 -0.0711004
 -0.0772722
 -0.0818886
  -0.085188
 -0.0873514
 -0.0885206
 -0.0888103
 -0.0883168
 -0.0871233
 -0.0853048
 -0.0829302
 -0.0800644
 -0.0767696
 -0.0731058
 -0.0691312
 -0.0649023
 -0.0604734
 -0.0558966
 -0.0512213
 -0.0464933
 -0.0417551
 -0.0370446
 -0.0323951
 -0.0278351
 -0.0233877
 -0.0190712
 -0.0148989
 -0.0108803
-0.00702223
-0.00333083
0.000185694
  0.0035135
 0.00662903
 0.00949512
  0.0120585
  0.0142507
  0.0159934
   0.017209
  0.0178346
          0
 -0.0184689
