   -0.131522
   -0.130351
   -0.128081
   -0.124839
   -0.120776
   -0.116046
   -0.110782
   -0.105094
  -0.0990621
  -0.0927427
  -0.0861747
   -0.079383
  -0.0723829
  -0.0651833
  -0.0577889
  -0.0502012
  -0.0424198
  -0.0344426
  -0.0262664
   -0.017887
  -0.0092995
-0.000498275
  0.00852263
   0.0177695
   0.0272486
   0.0369666
   0.0469297
   0.0571447
   0.0676185
   0.0783587
   0.0893746
    0.100678
    0.112286
    0.124221
    0.136516
    0.149218
    0.162396
    0.176146
    0.190606
    0.205971
    0.222514
    0.240623
    0.260834
    0.283883
    0.310726
    0.342421
    0.379477
     0.41947
    0.450951
    0.448247
    0.392146
    0.297064
    0.201074
    0.124542
   0.0680639
   0.0267416
 -0.00393652
   -0.027158
  -0.0450431
  -0.0589966
  -0.0699625
  -0.0785887
  -0.0853298
  -0.0905124
  -0.0943769
  -0.0971049
   -0.098838
  -0.0996899
   -0.099755
  -0.0991148
  -0.0978415
  -0.0960013
   -0.093656
  -0.0908644
   -0.087683
   -0.084166
  -0.0803658
  -0.0763325
  -0.0721135
  -0.0677536
  -0.0632937
  -0.0587713
  -0.0542193
  -0.0496659
  -0.0451346
  -0.0406441
  -0.0362084
  -0.0318378
  -0.0275399
  -0.0233217
  -0.0191921
   -0.015166
  -0.0112689
 -0.00754206
 -0.00404721
-0.000869359
   0.0018853
  0.00409797
  0.00565274
  0.00645627
           0
  -0.0169099
