    -0.1201
  -0.118774
  -0.116211
  -0.112566
  -0.108029
   -0.10279
 -0.0970187
 -0.0908503
 -0.0843872
 -0.0777012
   -0.07084
 -0.0638334
 -0.0566984
  -0.049443
 -0.0420691
 -0.0345747
 -0.0269547
 -0.0192018
 -0.0113074
-0.00326157
 0.00494642
   0.013328
   0.021895
  0.0306594
  0.0396333
  0.0488289
   0.058258
  0.0679326
  0.0778647
  0.0880671
  0.0985539
   0.109342
   0.120452
   0.131911
   0.143758
   0.156044
   0.168842
   0.182254
   0.196423
   0.211552
   0.227922
    0.24593
   0.266126
   0.289264
   0.316322
   0.348386
   0.385986
   0.426677
   0.458827
   0.456295
   0.399442
   0.302842
   0.205188
   0.127218
   0.069571
  0.0272781
-0.00424109
 -0.0282244
 -0.0468255
 -0.0614706
 -0.0731177
 -0.0824232
 -0.0898467
 -0.0957175
  -0.100277
  -0.103707
  -0.106147
   -0.10771
  -0.108488
   -0.10856
  -0.107994
  -0.106854
  -0.105197
  -0.103078
  -0.100551
 -0.0976636
 -0.0944649
     -0.091
 -0.0873114
 -0.0834387
 -0.0794179
 -0.0752812
 -0.0710562
 -0.0667662
 -0.0624299
 -0.0580615
 -0.0536713
 -0.0492668
 -0.0448542
 -0.0404409
  -0.036039
   -0.03167
   -0.02737
  -0.023196
 -0.0192313
 -0.0155879
 -0.0124032
-0.00982922
-0.00801284
-0.00707179
          0
 -0.0149666
