   -0.107011
   -0.105573
   -0.102797
  -0.0988618
  -0.0939841
  -0.0883845
  -0.0822596
  -0.0757694
  -0.0690345
  -0.0621402
  -0.0551428
  -0.0480772
  -0.0409621
  -0.0338053
  -0.0266064
  -0.0193598
  -0.0120562
 -0.00468323
  0.00277318
   0.0103287
   0.0180001
   0.0258048
   0.0337607
   0.0418862
   0.0501992
    0.058718
   0.0674603
   0.0764439
   0.0856865
   0.0952065
    0.105023
    0.115159
    0.125639
    0.136498
    0.147776
    0.159533
    0.171846
    0.184823
    0.198615
    0.213433
    0.229568
     0.24743
     0.26759
    0.290824
    0.318151
     0.35071
    0.389105
    0.430962
    0.464613
    0.463524
    0.407385
    0.310557
    0.212095
    0.133183
   0.0746347
   0.0315119
-0.000783348
  -0.0255109
  -0.0448424
   -0.060217
  -0.0726007
  -0.0826551
  -0.0908426
  -0.0974936
   -0.102849
    -0.10709
   -0.110354
    -0.11275
   -0.114369
   -0.115285
   -0.115564
   -0.115265
   -0.114441
   -0.113143
   -0.111418
   -0.109313
   -0.106869
   -0.104126
   -0.101123
   -0.097893
  -0.0944673
  -0.0908725
  -0.0871314
  -0.0832623
  -0.0792791
   -0.075192
   -0.071008
  -0.0667323
    -0.06237
  -0.0579295
  -0.0534261
  -0.0488873
  -0.0443587
  -0.0399109
  -0.0356448
  -0.0316939
    -0.02822
  -0.0254001
  -0.0234046
   -0.022369
           0
  -0.0126731
