 -0.0925263
 -0.0910178
 -0.0881096
 -0.0839946
 -0.0789098
 -0.0730974
 -0.0667753
 -0.0601226
 -0.0532753
 -0.0463303
 -0.0393523
 -0.0323806
 -0.0254362
 -0.0185264
 -0.0116495
-0.00479656
 0.00204581
  0.0088946
  0.0157693
  0.0226912
   0.029683
  0.0367682
  0.0439712
  0.0513162
  0.0588279
  0.0665305
  0.0744481
  0.0826044
  0.0910233
  0.0997288
   0.108746
   0.118103
   0.127832
    0.13797
   0.148567
   0.159685
   0.171409
   0.183854
   0.197178
   0.211601
   0.227427
   0.245082
   0.265157
   0.288462
   0.316063
   0.349178
   0.388528
   0.431903
   0.467742
   0.469231
   0.415212
    0.31947
   0.221138
    0.14186
  0.0827555
  0.0390066
 0.00605417
 -0.0193533
 -0.0393879
  -0.055491
 -0.0686307
 -0.0794695
 -0.0884698
 -0.0959607
  -0.102182
  -0.107311
  -0.111484
  -0.114807
  -0.117365
   -0.11923
  -0.120463
  -0.121117
  -0.121244
  -0.120887
  -0.120089
  -0.118891
  -0.117331
  -0.115441
  -0.113256
  -0.110804
   -0.10811
  -0.105195
  -0.102078
 -0.0987715
 -0.0952858
  -0.091627
 -0.0877993
 -0.0838059
 -0.0796513
 -0.0753448
 -0.0709047
 -0.0663638
 -0.0617757
 -0.0572218
 -0.0528167
   -0.04871
  -0.045081
 -0.0421248
 -0.0400278
 -0.0389381
          0
 -0.0100651
