 -0.0769949
 -0.0754543
 -0.0724866
 -0.0682937
 -0.0631253
  -0.057238
 -0.0508653
 -0.0442005
 -0.0373918
  -0.030546
 -0.0237342
 -0.0170003
 -0.0103671
-0.00384218
 0.00257792
 0.00890467
  0.0151553
  0.0213511
  0.0275167
  0.0336789
  0.0398661
  0.0461079
  0.0524347
  0.0588772
  0.0654662
  0.0722323
  0.0792059
  0.0864169
  0.0938952
   0.101671
   0.109776
   0.118243
    0.12711
   0.136421
   0.146231
   0.156609
   0.167645
   0.179463
   0.192228
    0.20617
   0.221605
   0.238976
   0.258897
   0.282216
   0.310054
   0.343724
   0.384104
   0.429224
   0.467781
   0.472822
   0.422225
   0.328867
    0.23164
   0.152632
  0.0933711
  0.0492514
  0.0158061
 -0.0101757
 -0.0308481
 -0.0476432
 -0.0615243
 -0.0731498
  -0.082979
 -0.0913379
 -0.0984625
  -0.104527
  -0.109664
  -0.113974
  -0.117539
  -0.120426
  -0.122691
  -0.124383
  -0.125547
  -0.126223
  -0.126448
  -0.126257
  -0.125681
   -0.12475
  -0.123491
  -0.121927
  -0.120077
   -0.11796
  -0.115586
  -0.112965
  -0.110103
  -0.107003
  -0.103666
  -0.100094
   -0.09629
 -0.0922651
 -0.0880397
 -0.0836506
 -0.0791576
 -0.0746501
 -0.0702524
 -0.0661252
 -0.0624601
 -0.0594637
 -0.0573331
 -0.0562244
          0
-0.00718424
