 -0.0608206
 -0.0592809
 -0.0563172
 -0.0521357
 -0.0469927
  -0.041154
 -0.0348629
 -0.0283225
 -0.0216902
 -0.0150798
-0.00856828
-0.00220269
 0.00399245
  0.0100095
  0.0158534
   0.021538
  0.0270839
  0.0325166
  0.0378653
   0.043162
  0.0484407
  0.0537367
  0.0590863
  0.0645264
  0.0700938
  0.0758255
   0.081758
  0.0879273
  0.0943696
   0.101121
   0.108219
   0.115703
   0.123616
   0.132009
   0.140942
    0.15049
    0.16075
   0.171853
   0.183972
   0.197346
   0.212305
   0.229307
   0.248992
   0.272245
   0.300249
   0.334422
   0.375829
   0.422813
   0.464467
   0.473865
   0.427858
    0.33812
   0.242974
     0.1649
   0.105921
  0.0617214
   0.027982
 0.00156388
 -0.0196496
 -0.0370698
 -0.0516472
 -0.0640319
 -0.0746762
 -0.0839007
 -0.0919364
 -0.0989527
  -0.105076
  -0.110405
  -0.115014
  -0.118965
   -0.12231
  -0.125092
  -0.127351
  -0.129122
  -0.130435
   -0.13132
  -0.131803
  -0.131908
  -0.131656
  -0.131064
  -0.130149
   -0.12892
  -0.127386
  -0.125552
   -0.12342
  -0.120989
  -0.118258
  -0.115228
    -0.1119
  -0.108287
  -0.104409
  -0.100308
 -0.0960453
  -0.091717
 -0.0874533
 -0.0834217
 -0.0798211
 -0.0768653
 -0.0747575
 -0.0736589
          0
-0.00408127
