   0.026344
  0.0274439
  0.0295414
   0.032453
  0.0359488
  0.0397884
  0.0437496
  0.0476457
  0.0513315
  0.0547029
  0.0576916
   0.060259
  0.0623899
  0.0640877
  0.0653694
  0.0662631
  0.0668053
  0.0670386
  0.0670111
  0.0667743
   0.066383
  0.0658942
  0.0653665
  0.0648593
  0.0644327
  0.0641471
  0.0640625
  0.0642389
   0.064736
  0.0656138
  0.0669331
  0.0687569
  0.0711521
  0.0741919
  0.0779599
  0.0825549
  0.0880986
  0.0947458
   0.102699
   0.112231
   0.123714
   0.137666
   0.154824
   0.176231
   0.203364
   0.238208
   0.282967
   0.338232
   0.396826
   0.434643
    0.42398
   0.367354
   0.295617
   0.231727
   0.180824
   0.140973
    0.10925
  0.0833019
  0.0614618
  0.0425892
  0.0259049
  0.0108732
-0.00287736
 -0.0156066
 -0.0274974
 -0.0386787
 -0.0492422
 -0.0592527
 -0.0687563
 -0.0777858
 -0.0863644
 -0.0945085
   -0.10223
  -0.109535
  -0.116431
  -0.122919
  -0.128999
  -0.134669
  -0.139927
  -0.144766
  -0.149178
  -0.153155
  -0.156684
  -0.159753
   -0.16235
  -0.164461
  -0.166076
  -0.167185
  -0.167785
   -0.16788
  -0.167484
  -0.166627
  -0.165358
  -0.163752
  -0.161912
  -0.159975
  -0.158105
  -0.156481
   -0.15528
   -0.15464
          0
  0.0153008
