  -0.0444445
   -0.042934
  -0.0400288
  -0.0359357
  -0.0309135
  -0.0252318
   -0.019139
  -0.0128444
   -0.006511
-0.000257739
   0.0058348
    0.011717
   0.0173634
   0.0227666
   0.0279326
   0.0328778
   0.0376258
   0.0422059
   0.0466516
   0.0509998
   0.0552894
   0.0595613
   0.0638573
   0.0682201
   0.0726925
   0.0773172
   0.0821367
   0.0871931
   0.0925283
   0.0981846
    0.104205
    0.110635
    0.117523
    0.124926
    0.132909
    0.141555
    0.150966
    0.161279
    0.172675
    0.185404
    0.199805
    0.216355
    0.235715
    0.258809
    0.286885
    0.321474
    0.363849
    0.412725
    0.457723
     0.47212
    0.431727
    0.346754
    0.254629
    0.178152
    0.119902
   0.0759322
    0.042118
   0.0154237
 -0.00621116
  -0.0241658
  -0.0393702
   -0.052461
  -0.0638807
  -0.0739418
  -0.0828686
  -0.0908245
  -0.0979305
   -0.104278
   -0.109938
   -0.114967
   -0.119409
   -0.123305
   -0.126687
   -0.129583
   -0.132021
   -0.134022
   -0.135609
   -0.136799
   -0.137607
   -0.138047
   -0.138128
   -0.137856
   -0.137236
   -0.136267
   -0.134948
   -0.133275
   -0.131245
   -0.128857
   -0.126111
   -0.123019
   -0.119604
   -0.115905
   -0.111989
   -0.107953
   -0.103931
   -0.100093
  -0.0966407
  -0.0937924
  -0.0917541
  -0.0906896
           0
-0.000817982
