 -0.0283288
 -0.0268721
  -0.024073
 -0.0201361
 -0.0153187
-0.00988966
-0.00409882
 0.00184254
 0.00776861
  0.0135579
  0.0191279
  0.0244278
  0.0294315
  0.0341323
  0.0385378
  0.0426662
  0.0465442
  0.0502044
  0.0536843
  0.0570249
  0.0602699
  0.0634652
  0.0666576
  0.0698952
  0.0732262
  0.0766987
   0.080361
  0.0842606
  0.0884451
  0.0929622
  0.0978605
   0.103191
   0.109008
   0.115373
   0.122358
   0.130049
   0.138557
   0.148023
   0.158637
   0.170655
    0.18443
    0.20045
   0.219402
   0.242246
   0.270292
   0.305191
    0.34844
   0.399177
   0.447671
   0.467569
   0.433664
   0.354479
   0.266247
   0.191993
    0.13491
  0.0914782
  0.0578145
  0.0310145
 0.00909118
-0.00929123
 -0.0250356
 -0.0387602
 -0.0508945
 -0.0617409
 -0.0715155
 -0.0803744
 -0.0884322
 -0.0957743
  -0.102466
  -0.108556
  -0.114087
   -0.11909
  -0.123592
  -0.127618
  -0.131188
  -0.134319
  -0.137026
  -0.139322
  -0.141218
  -0.142721
  -0.143835
  -0.144563
  -0.144904
  -0.144855
   -0.14441
  -0.143564
  -0.142309
  -0.140643
  -0.138566
  -0.136087
  -0.133228
   -0.13003
  -0.126559
  -0.122912
  -0.119221
  -0.115659
  -0.112427
  -0.109743
  -0.107814
  -0.106803
          0
   0.002532
