   -0.012939
  -0.0115585
 -0.00890872
 -0.00518959
-0.000652856
  0.00443669
  0.00983225
    0.015324
   0.0207464
   0.0259781
   0.0309361
   0.0355696
   0.0398531
   0.0437809
   0.0473618
   0.0506163
   0.0535735
   0.0562691
   0.0587439
   0.0610428
   0.0632136
   0.0653063
   0.0673726
    0.069465
   0.0716367
   0.0739409
   0.0764307
   0.0791588
    0.082178
   0.0855409
   0.0893014
   0.0935152
   0.0982423
    0.103549
    0.109512
    0.116223
    0.123798
    0.132384
    0.142177
     0.15344
    0.166537
    0.181969
    0.200444
    0.222956
    0.250881
    0.285986
    0.330009
    0.382548
    0.434622
    0.460411
    0.433722
     0.36121
    0.277637
    0.206173
    0.150657
    0.108051
   0.0747541
   0.0480167
    0.025941
  0.00724448
  -0.0089424
  -0.0232155
  -0.0359883
  -0.0475516
  -0.0581116
  -0.0678166
  -0.0767741
  -0.0850629
  -0.0927418
  -0.0998553
   -0.106438
   -0.112516
   -0.118112
   -0.123244
   -0.127927
   -0.132172
    -0.13599
   -0.139389
   -0.142373
   -0.144945
   -0.147106
   -0.148853
   -0.150181
   -0.151084
   -0.151553
    -0.15158
   -0.151155
   -0.150272
   -0.148931
   -0.147138
   -0.144915
     -0.1423
   -0.139357
    -0.13618
   -0.132901
   -0.129687
   -0.126738
   -0.124268
   -0.122483
   -0.121545
           0
  0.00588379
