 0.00127393
 0.00255709
 0.00501656
 0.00846004
  0.0126446
  0.0173139
  0.0222279
   0.027182
  0.0320143
  0.0366056
  0.0408747
  0.0447721
  0.0482734
  0.0513742
   0.054085
  0.0564282
   0.058435
  0.0601437
  0.0615979
  0.0628457
  0.0639383
  0.0649294
  0.0658745
  0.0668303
  0.0678539
   0.069003
  0.0703351
  0.0719072
  0.0737767
  0.0760009
   0.078638
  0.0817484
  0.0853967
  0.0896535
  0.0946003
   0.100334
   0.106974
   0.114673
   0.123633
   0.134125
   0.146517
   0.161327
    0.17928
   0.201405
   0.229137
   0.264367
   0.309078
   0.363363
   0.419074
   0.451057
   0.432169
   0.367052
   0.288776
   0.220574
   0.166965
   0.125436
  0.0926979
  0.0661777
  0.0440791
  0.0251807
 0.00865169
-0.00607815
 -0.0194044
 -0.0316041
 -0.0428735
 -0.0533519
 -0.0631394
 -0.0723083
 -0.0809111
 -0.0889864
  -0.096563
  -0.103662
  -0.110301
  -0.116492
  -0.122244
  -0.127566
  -0.132461
  -0.136932
  -0.140981
  -0.144606
  -0.147802
  -0.150564
  -0.152884
  -0.154751
  -0.156153
   -0.15708
   -0.15752
  -0.157464
   -0.15691
  -0.155863
  -0.154339
  -0.152376
  -0.150033
    -0.1474
  -0.144603
  -0.141804
  -0.139196
  -0.136987
  -0.135379
   -0.13453
          0
 0.00914345
