  0.0138944
  0.0150593
  0.0172884
  0.0203997
   0.024163
  0.0283346
  0.0326858
  0.0370207
  0.0411843
  0.0450622
  0.0485769
  0.0516813
  0.0543531
  0.0565895
  0.0584026
  0.0598164
  0.0608639
  0.0615855
   0.062027
  0.0622388
  0.0622749
  0.0621918
  0.0620482
  0.0619038
  0.0618195
  0.0618562
  0.0620751
  0.0625372
  0.0633035
  0.0644352
  0.0659945
  0.0680458
  0.0706574
  0.0739043
  0.0778718
  0.0826606
  0.0883948
  0.0952318
   0.103378
   0.113108
   0.124802
   0.138987
   0.156405
   0.178118
   0.205623
   0.240931
   0.286281
   0.342283
   0.401686
   0.440098
   0.429455
   0.372275
    0.29977
   0.235187
   0.183744
   0.143488
   0.111464
  0.0852909
   0.063283
  0.0442859
  0.0275111
  0.0124164
-0.00137434
 -0.0141239
 -0.0260174
 -0.0371853
 -0.0477202
 -0.0576877
 -0.0671343
  -0.076093
 -0.0845873
 -0.0926335
  -0.100243
  -0.107424
  -0.114182
  -0.120519
  -0.126435
  -0.131929
  -0.136998
  -0.141636
  -0.145836
  -0.149589
  -0.152883
  -0.155705
  -0.158041
  -0.159878
  -0.161201
     -0.162
  -0.162269
  -0.162011
   -0.16124
  -0.159988
  -0.158308
  -0.156285
  -0.154036
  -0.151714
  -0.149503
  -0.147601
  -0.146203
  -0.145461
          0
  0.0122119
