  0.0245663
  0.0255921
  0.0275505
  0.0302735
  0.0335477
  0.0371466
  0.0408571
  0.0444966
  0.0479202
   0.051021
  0.0537267
  0.0559941
  0.0578035
  0.0591541
  0.0600594
  0.0605448
  0.0606447
  0.0604005
  0.0598599
  0.0590748
  0.0581009
  0.0569969
  0.0558236
  0.0546433
  0.0535192
   0.052515
  0.0516948
  0.0511226
  0.0508623
  0.0509784
  0.0515363
  0.0526037
  0.0542524
  0.0565606
   0.059617
  0.0635259
   0.068415
  0.0744455
  0.0818278
  0.0908435
   0.101878
   0.115468
   0.132376
   0.153693
   0.180978
   0.216366
   0.262355
   0.320089
   0.383252
   0.428272
   0.426165
   0.377258
   0.310812
   0.250065
   0.200951
   0.162095
   0.130892
   0.105162
  0.0833351
  0.0643267
  0.0473925
  0.0320195
  0.0178518
   0.004641
-0.00778671
 -0.0195532
 -0.0307436
 -0.0414172
 -0.0516149
 -0.0613645
 -0.0706846
  -0.079587
 -0.0880789
 -0.0961638
  -0.103843
  -0.111115
  -0.117976
  -0.124422
  -0.130446
  -0.136039
  -0.141191
  -0.145891
  -0.150123
  -0.153874
  -0.157126
  -0.159865
  -0.162073
   -0.16374
  -0.164855
  -0.165419
  -0.165441
  -0.164948
  -0.163988
  -0.162636
  -0.160998
  -0.159215
  -0.157457
   -0.15591
  -0.154756
  -0.154138
          0
  0.0149907
