  0.0330132
  0.0338787
  0.0355263
  0.0378051
  0.0405233
  0.0434768
   0.046473
  0.0493467
  0.0519665
  0.0542358
  0.0560894
  0.0574891
  0.0584182
   0.058878
  0.0588834
  0.0584605
  0.0576445
  0.0564775
  0.0550076
  0.0532878
  0.0513746
  0.0493279
  0.0472096
  0.0450836
  0.0430148
  0.0410688
  0.0393115
  0.0378091
  0.0366279
  0.0358346
  0.0354973
  0.0356862
  0.0364757
  0.0379469
  0.0401913
  0.0433163
  0.0474525
  0.0527646
  0.0594669
  0.0678459
  0.0782936
  0.0913578
   0.107818
   0.128798
   0.155917
   0.191437
   0.238118
   0.297648
   0.364657
   0.416396
    0.42295
   0.382427
   0.322122
   0.265271
   0.218536
    0.18113
   0.150801
   0.125571
   0.103986
  0.0850332
   0.068012
  0.0524382
  0.0379758
  0.0243907
  0.0115197
-0.00075061
 -0.0124987
 -0.0237781
 -0.0346246
 -0.0450614
 -0.0551028
  -0.064757
 -0.0740272
 -0.0829137
 -0.0914141
 -0.0995239
  -0.107237
  -0.114546
  -0.121442
  -0.127913
  -0.133947
  -0.139531
  -0.144648
  -0.149282
  -0.153416
  -0.157032
  -0.160113
  -0.162643
  -0.164614
  -0.166019
  -0.166865
  -0.167173
  -0.166983
  -0.166357
  -0.165391
  -0.164209
  -0.162963
   -0.16182
  -0.160946
  -0.160472
          0
  0.0173885
