  0.0390482
  0.0397326
  0.0410297
  0.0428098
  0.0449076
  0.0471467
  0.0493606
  0.0514055
  0.0531674
  0.0545623
  0.0555339
  0.0560497
  0.0560968
  0.0556782
    0.05481
  0.0535185
  0.0518388
  0.0498129
  0.0474886
  0.0449188
  0.0421601
  0.0392724
  0.0363181
  0.0333615
  0.0304683
   0.027705
  0.0251387
  0.0228368
   0.020867
  0.0192977
  0.0181988
  0.0176423
  0.0177046
  0.0184691
  0.0200294
  0.0224954
  0.0260003
   0.030712
  0.0368485
  0.0447011
  0.0546685
  0.0673096
  0.0834221
   0.104162
   0.131214
   0.166966
   0.214444
   0.275876
   0.346819
    0.40531
   0.420463
   0.388187
   0.333882
   0.280822
   0.236401
   0.200413
   0.170952
   0.146235
   0.124924
   0.106071
  0.0890182
  0.0733097
  0.0586277
  0.0447513
   0.031527
  0.0188488
 0.00664431
-0.00513492
 -0.0165205
 -0.0275319
   -0.03818
 -0.0484698
  -0.058402
  -0.067974
  -0.077181
 -0.0860166
 -0.0944724
  -0.102539
  -0.110206
  -0.117461
  -0.124289
  -0.130677
  -0.136608
  -0.142064
  -0.147027
  -0.151479
  -0.155402
  -0.158779
  -0.161599
  -0.163853
  -0.165543
  -0.166684
  -0.167305
  -0.167459
  -0.167223
  -0.166702
  -0.166026
   -0.16534
  -0.164784
  -0.164474
          0
  0.0193288
