    0.042572
   0.0430553
   0.0439644
   0.0451948
    0.046613
    0.048076
   0.0494483
   0.0506124
    0.051475
   0.0519671
   0.0520427
   0.0516757
   0.0508571
   0.0495916
   0.0478957
   0.0457954
   0.0433248
    0.040525
   0.0374426
   0.0341292
   0.0306406
   0.0270359
   0.0233768
   0.0197274
   0.0161529
   0.0127201
  0.00949609
  0.00654884
  0.00394669
  0.00175888
 5.61397e-05
 -0.00108819
 -0.00159636
 -0.00138362
-0.000354431
  0.00160294
  0.00462414
  0.00887976
   0.0145914
   0.0220552
   0.0316773
    0.044028
   0.0599245
   0.0805578
    0.107677
    0.143801
    0.192218
    0.255682
    0.330631
    0.395796
    0.419274
    0.394852
    0.346183
    0.296644
    0.254359
    0.219677
    0.191021
    0.166792
    0.145753
    0.127022
    0.109978
   0.0941894
   0.0793549
   0.0652653
   0.0517756
   0.0387859
   0.0262288
   0.0140598
  0.00225067
 -0.00921535
  -0.0203468
  -0.0311463
  -0.0416128
  -0.0517421
   -0.061528
  -0.0709628
  -0.0800372
  -0.0887411
  -0.0970629
    -0.10499
   -0.112509
   -0.119604
   -0.126259
   -0.132457
    -0.13818
    -0.14341
   -0.148128
   -0.152318
   -0.155966
   -0.159061
   -0.161602
   -0.163596
   -0.165062
    -0.16604
   -0.166589
   -0.166789
   -0.166742
   -0.166563
   -0.166366
   -0.166241
           0
   0.0207557
