   0.043555
  0.0438199
  0.0443084
  0.0449455
  0.0456347
   0.046272
  0.0467579
  0.0470056
  0.0469451
  0.0465248
  0.0457099
  0.0444816
  0.0428343
  0.0407741
  0.0383174
   0.035489
  0.0323212
  0.0288531
  0.0251292
   0.021199
  0.0171165
  0.0129388
 0.00872634
 0.00454158
 0.00044893
-0.00348594
-0.00719636
 -0.0106149
 -0.0136734
 -0.0163025
 -0.0184313
  -0.019986
 -0.0208881
 -0.0210519
 -0.0203807
 -0.0187613
  -0.016056
 -0.0120917
-0.00664321
0.000590831
  0.0100244
    0.02224
  0.0380755
  0.0587586
  0.0861052
   0.122764
   0.172281
   0.237907
   0.316885
   0.388509
   0.419811
   0.402592
   0.358979
   0.312542
   0.272112
   0.238555
   0.210592
   0.186786
   0.165995
   0.147389
   0.130379
   0.114554
  0.0996279
  0.0853995
  0.0717304
  0.0585259
   0.045722
   0.033277
  0.0211648
 0.00937051
-0.00211303
 -0.0132875
 -0.0241509
 -0.0346984
 -0.0449235
 -0.0548183
 -0.0643737
 -0.0735796
 -0.0824251
 -0.0908982
 -0.0989859
  -0.106674
  -0.113948
  -0.120791
  -0.127187
  -0.133117
  -0.138566
  -0.143517
  -0.147955
  -0.151868
  -0.155251
  -0.158103
  -0.160436
  -0.162273
   -0.16365
  -0.164623
  -0.165259
  -0.165638
  -0.165836
  -0.165917
          0
  0.0216384
