  0.0347093
  0.0356671
  0.0374899
  0.0400111
  0.0430212
  0.0462999
  0.0496426
  0.0528766
  0.0558671
  0.0585171
  0.0607628
  0.0625681
  0.0639191
  0.0648192
  0.0652857
  0.0653463
   0.065037
  0.0644008
  0.0634857
  0.0623441
  0.0610319
  0.0596074
   0.058131
  0.0566643
    0.05527
  0.0540109
  0.0529501
  0.0521506
  0.0516753
  0.0515877
  0.0519521
  0.0528349
  0.0543067
  0.0564445
  0.0593353
   0.063082
  0.0678101
  0.0736786
  0.0808948
  0.0897367
   0.100584
   0.113969
   0.130642
   0.151682
    0.17863
   0.213596
   0.259048
   0.316119
    0.37857
     0.4231
   0.421056
   0.372741
   0.307068
   0.247003
   0.198417
   0.159958
   0.129051
   0.103545
  0.0818874
  0.0630086
  0.0461731
   0.030874
    0.01676
 0.00358593
-0.00881989
 -0.0205777
 -0.0317716
   -0.04246
 -0.0526833
 -0.0624688
 -0.0718349
 -0.0807932
 -0.0893506
 -0.0975108
  -0.105275
   -0.11264
  -0.119605
  -0.126164
   -0.13231
  -0.138035
   -0.14333
  -0.148182
  -0.152579
  -0.156508
  -0.159953
  -0.162901
  -0.165339
  -0.167255
  -0.168644
  -0.169504
  -0.169844
  -0.169687
  -0.169075
  -0.168071
  -0.166772
  -0.165302
  -0.163818
  -0.162491
  -0.161489
   -0.16095
          0
  0.0179228
