  0.0420057
  0.0420396
  0.0420843
   0.042098
  0.0420259
  0.0418076
  0.0413843
  0.0407031
  0.0397201
  0.0384022
   0.036727
  0.0346826
   0.032267
  0.0294872
  0.0263585
  0.0229039
   0.019153
   0.015142
  0.0109123
 0.00651069
 0.00198795
-0.00260119
-0.00719894
 -0.0117449
 -0.0161767
 -0.0204303
 -0.0244406
 -0.0281412
 -0.0314651
 -0.0343436
 -0.0367062
 -0.0384794
 -0.0395846
 -0.0399359
 -0.0394358
   -0.03797
 -0.0353993
 -0.0315481
 -0.0261876
 -0.0190111
-0.00959647
 0.00265212
  0.0185944
  0.0394956
  0.0672395
   0.104602
   0.155373
    0.22326
   0.306208
   0.383909
   0.422304
   0.411395
   0.372072
    0.32819
   0.289249
   0.256581
    0.22916
   0.205689
   0.185101
   0.166608
   0.149648
   0.133826
   0.118864
   0.104568
  0.0908056
  0.0774839
  0.0645414
  0.0519379
  0.0396481
  0.0276579
  0.0159603
 0.00455365
-0.00656025
 -0.0173772
 -0.0278912
 -0.0380954
 -0.0479818
 -0.0575417
 -0.0667657
 -0.0756436
 -0.0841642
 -0.0923155
  -0.100085
  -0.107458
  -0.114421
  -0.120958
  -0.127054
  -0.132694
  -0.137864
  -0.142552
  -0.146747
  -0.150446
  -0.153647
  -0.156358
  -0.158594
  -0.160377
  -0.161739
  -0.162715
  -0.163341
  -0.163645
          0
  0.0219716
