   0.0379375
   0.0377354
   0.0373283
   0.0367098
     0.03587
   0.0347959
   0.0334719
   0.0318812
   0.0300078
   0.0278378
   0.0253614
   0.0225738
   0.0194761
   0.0160757
   0.0123863
  0.00842806
   0.0042275
-0.000183118
   -0.004766
 -0.00947837
   -0.014273
  -0.0190985
  -0.0239006
  -0.0286217
  -0.0332021
  -0.0375806
  -0.0416939
   -0.045478
  -0.0488672
  -0.0517944
  -0.0541905
  -0.0559825
  -0.0570927
  -0.0574353
  -0.0569128
  -0.0554102
   -0.052787
  -0.0488653
  -0.0434131
  -0.0361182
  -0.0265496
  -0.0140981
  0.00211857
   0.0234036
   0.0517072
   0.0899262
    0.142075
    0.212262
    0.299004
    0.382219
    0.426749
    0.421049
    0.385102
    0.343138
    0.305267
    0.273214
    0.246164
    0.222924
    0.202484
    0.184087
    0.167188
    0.151403
    0.136461
    0.122171
    0.108402
   0.0950633
   0.0820937
    0.069453
   0.0571159
   0.0450675
      0.0333
   0.0218108
   0.0106002
-0.000328981
  -0.0109727
   -0.021326
   -0.031383
  -0.0411376
  -0.0505828
  -0.0597112
  -0.0685147
  -0.0769843
  -0.0851105
  -0.0928826
   -0.100289
   -0.107319
   -0.113959
   -0.120196
   -0.126019
   -0.131414
   -0.136371
   -0.140877
   -0.144923
   -0.148499
   -0.151597
   -0.154205
   -0.156312
   -0.157908
   -0.158981
   -0.159519
           0
   0.0217721
