  0.0313555
   0.030924
  0.0300782
  0.0288482
  0.0272699
  0.0253784
  0.0232022
   0.020761
  0.0180669
  0.0151254
  0.0119394
 0.00851082
 0.00484364
 0.00094516
-0.00317277
-0.00749311
 -0.0119934
 -0.0166455
 -0.0214162
  -0.026267
  -0.031155
 -0.0360332
 -0.0408509
 -0.0455545
 -0.0500877
 -0.0543921
 -0.0584079
 -0.0620733
 -0.0653253
 -0.0680989
 -0.0703267
 -0.0719373
 -0.0728544
 -0.0729928
 -0.0722556
 -0.0705276
 -0.0676674
 -0.0634954
 -0.0577763
 -0.0501925
 -0.0403047
 -0.0274898
 -0.0108436
  0.0109738
  0.0399755
  0.0791685
   0.132764
   0.205203
   0.295428
   0.383402
    0.43291
   0.431161
    0.39758
   0.356845
   0.319601
    0.28788
   0.261022
   0.237906
   0.217559
   0.199242
   0.182419
   0.166709
   0.151845
   0.137636
   0.123951
   0.110698
  0.0978167
  0.0852643
  0.0730142
  0.0610499
  0.0493617
  0.0379446
   0.026797
  0.0159187
 0.00531121
-0.00502354
  -0.015083
 -0.0248643
 -0.0343641
 -0.0435787
 -0.0525039
  -0.061135
 -0.0694662
 -0.0774914
 -0.0852033
 -0.0925942
 -0.0996554
  -0.106377
   -0.11275
  -0.118761
  -0.124397
  -0.129643
  -0.134479
  -0.138877
  -0.142805
  -0.146217
  -0.149058
  -0.151269
  -0.152786
  -0.153559
          0
  0.0210723
