  0.0222846
  0.0216433
   0.020397
  0.0186105
  0.0163636
  0.0137368
  0.0108007
 0.00761049
  0.0042048
0.000608352
 -0.0031641
-0.00710367
 -0.0112037
  -0.015457
 -0.0198537
 -0.0243802
 -0.0290181
  -0.033744
 -0.0385293
 -0.0433404
 -0.0481393
 -0.0528835
 -0.0575269
   -0.06202
 -0.0663107
 -0.0703444
 -0.0740647
 -0.0774134
 -0.0803302
 -0.0827531
  -0.084617
  -0.085853
 -0.0863863
 -0.0861334
 -0.0849984
 -0.0828664
 -0.0795958
 -0.0750057
 -0.0688578
 -0.0608298
 -0.0504745
 -0.0371558
  -0.019949
 0.00251945
  0.0323186
  0.0725508
   0.127588
   0.202123
   0.295371
   0.387169
    0.44034
   0.441182
    0.40892
   0.368724
   0.331669
    0.30001
   0.273178
   0.250092
   0.229793
   0.211547
    0.19482
    0.17923
   0.164507
    0.15046
   0.136953
   0.123895
    0.11122
  0.0988842
  0.0868586
  0.0751236
  0.0636665
  0.0524794
   0.041557
   0.030896
  0.0204939
  0.0103488
0.000459305
-0.00917612
 -0.0185586
  -0.027689
 -0.0365679
 -0.0451952
 -0.0535704
 -0.0616919
 -0.0695577
 -0.0771645
 -0.0845081
 -0.0915825
 -0.0983803
  -0.104891
    -0.1111
  -0.116986
   -0.12252
  -0.127659
  -0.132344
  -0.136498
  -0.140022
  -0.142807
  -0.144742
  -0.145736
          0
  0.0199118
