   0.010828
  0.0100089
 0.00842393
 0.00616812
 0.00335956
0.000119285
-0.00344444
-0.00724481
 -0.0112185
 -0.0153232
 -0.0195326
 -0.0238311
 -0.0282091
 -0.0326594
  -0.037174
 -0.0417423
 -0.0463502
 -0.0509787
 -0.0556042
 -0.0601983
 -0.0647279
 -0.0691555
 -0.0734399
 -0.0775363
 -0.0813971
 -0.0849722
 -0.0882091
 -0.0910535
 -0.0934489
 -0.0953365
 -0.0966545
 -0.0973366
 -0.0973106
 -0.0964951
 -0.0947957
 -0.0920987
 -0.0882627
 -0.0831062
  -0.076389
 -0.0677846
  -0.056839
 -0.0429051
 -0.0250402
-0.00184227
  0.0288041
   0.070076
   0.126463
   0.202823
   0.298483
   0.393016
   0.448425
   0.450466
   0.418498
   0.378187
   0.340926
    0.30909
   0.282145
   0.259015
   0.238737
   0.220569
   0.203971
   0.188554
   0.174044
   0.160244
   0.147016
   0.134262
   0.121915
   0.109927
  0.0982644
  0.0869042
  0.0758301
    0.06503
  0.0544946
  0.0442162
  0.0341878
  0.0244028
  0.0148549
 0.00553762
-0.00355534
 -0.0124302
 -0.0210928
 -0.0295486
 -0.0378025
 -0.0458584
 -0.0537196
 -0.0613878
 -0.0688634
 -0.0761445
 -0.0832263
 -0.0900995
 -0.0967482
  -0.103147
  -0.109256
  -0.115018
   -0.12035
  -0.125143
   -0.12926
  -0.132545
  -0.134845
  -0.136031
          0
  0.0183302
