-0.00277841
-0.00373481
-0.00558095
-0.00819744
 -0.0114352
 -0.0151401
 -0.0191727
 -0.0234191
 -0.0277946
 -0.0322411
 -0.0367215
 -0.0412138
 -0.0457053
 -0.0501882
  -0.054656
 -0.0591009
 -0.0635125
 -0.0678762
 -0.0721734
 -0.0763805
 -0.0804696
 -0.0844087
 -0.0881614
 -0.0916881
 -0.0949462
 -0.0978902
  -0.100472
  -0.102642
  -0.104348
  -0.105535
  -0.106145
  -0.106114
  -0.105375
  -0.103847
   -0.10144
 -0.0980405
  -0.093509
 -0.0876639
  -0.080264
 -0.0709802
 -0.0593534
 -0.0447279
 -0.0261474
-0.00218803
  0.0292987
  0.0715404
   0.129097
   0.206893
    0.30422
   0.400276
   0.456448
   0.458328
   0.425702
   0.384701
   0.346901
     0.3147
   0.287543
   0.264327
   0.244065
      0.226
   0.209577
   0.194398
    0.18018
    0.16672
   0.153873
   0.141537
    0.12964
   0.118129
   0.106966
  0.0961232
  0.0855802
  0.0753199
  0.0653283
  0.0555925
  0.0461004
  0.0368401
  0.0277999
  0.0189675
   0.010331
 0.00187847
-0.00640194
 -0.0145215
 -0.0224908
 -0.0303198
 -0.0380169
 -0.0455892
 -0.0530415
  -0.060376
 -0.0675902
 -0.0746757
 -0.0816152
 -0.0883783
 -0.0949163
  -0.101156
  -0.106995
  -0.112295
  -0.116884
  -0.120571
  -0.123163
  -0.124504
          0
  0.0163638
