  -0.0181543
   -0.019205
  -0.0212297
  -0.0240913
  -0.0276173
  -0.0316287
  -0.0359615
  -0.0404806
  -0.0450836
  -0.0496987
  -0.0542795
  -0.0587977
  -0.0632377
  -0.0675906
  -0.0718509
  -0.0760132
  -0.0800703
  -0.0840119
  -0.0878238
  -0.0914875
  -0.0949803
  -0.0982752
   -0.101341
   -0.104144
   -0.106647
   -0.108808
   -0.110585
   -0.111934
   -0.112806
   -0.113151
   -0.112915
   -0.112039
   -0.110457
   -0.108095
   -0.104864
   -0.100653
  -0.0953248
   -0.088699
  -0.0805346
  -0.0705014
  -0.0581377
  -0.0427826
  -0.0234714
  0.00123231
   0.0334951
   0.0765669
    0.135024
    0.213765
    0.311902
    0.408195
    0.463663
    0.464112
    0.429993
    0.387833
    0.349242
    0.316549
    0.289125
    0.265814
    0.245592
    0.227673
    0.211486
     0.19662
     0.18278
    0.169756
    0.157395
    0.145591
    0.134263
    0.123354
    0.112822
    0.102634
   0.0927623
   0.0831862
   0.0738859
   0.0648429
   0.0560395
    0.047458
   0.0390806
   0.0308893
   0.0228659
   0.0149924
  0.00725074
-0.000376368
 -0.00790557
  -0.0153524
   -0.022731
  -0.0300533
  -0.0373287
  -0.0445625
  -0.0517548
  -0.0588975
  -0.0659713
  -0.0729409
   -0.079749
  -0.0863092
  -0.0924995
  -0.0981583
   -0.103087
   -0.107063
   -0.109867
    -0.11132
           0
   0.0140467
