 -0.0348072
 -0.0359115
 -0.0380369
 -0.0410337
 -0.0447136
 -0.0488795
 -0.0533499
 -0.0579737
 -0.0626347
 -0.0672506
 -0.0717667
 -0.0761496
 -0.0803805
 -0.0844497
 -0.0883523
 -0.0920849
 -0.0956432
 -0.0990206
  -0.102207
  -0.105189
  -0.107949
  -0.110465
  -0.112712
   -0.11466
  -0.116277
   -0.11753
  -0.118379
  -0.118785
  -0.118706
  -0.118095
  -0.116904
  -0.115078
  -0.112557
  -0.109268
  -0.105126
  -0.100026
 -0.0938313
 -0.0863647
 -0.0773869
 -0.0665687
 -0.0534483
 -0.0373641
 -0.0173492
 0.00803495
  0.0409557
  0.0846546
   0.143671
    0.22278
   0.320793
   0.416008
   0.469368
   0.467249
    0.43095
   0.387277
   0.347734
   0.314488
   0.286791
   0.263411
   0.243274
   0.225565
   0.209688
   0.195217
   0.181846
   0.169355
   0.157584
    0.14642
   0.135775
   0.125588
   0.115809
     0.1064
  0.0973296
  0.0885694
  0.0800944
  0.0718802
  0.0639032
  0.0561396
  0.0485653
  0.0411561
  0.0338875
  0.0267351
  0.0196748
  0.0126831
 0.00573736
-0.00118362
-0.00809921
 -0.0150262
  -0.021978
 -0.0289631
 -0.0359832
 -0.0430304
 -0.0500833
 -0.0571019
 -0.0640208
 -0.0707419
 -0.0771277
 -0.0829977
 -0.0881318
  -0.092286
 -0.0952214
  -0.096744
          0
  0.0114146
