  -0.0521799
  -0.0533028
  -0.0554609
  -0.0584967
  -0.0622113
  -0.0663959
  -0.0708573
   -0.075433
  -0.0799973
  -0.0844597
  -0.0887595
  -0.0928593
  -0.0967377
   -0.100384
   -0.103795
   -0.106967
     -0.1099
    -0.11259
   -0.115032
   -0.117216
    -0.11913
   -0.120756
   -0.122075
   -0.123063
   -0.123694
   -0.123939
   -0.123764
   -0.123136
   -0.122018
   -0.120369
   -0.118144
   -0.115295
   -0.111766
   -0.107488
   -0.102382
  -0.0963454
  -0.0892465
  -0.0809112
  -0.0711035
  -0.0594978
  -0.0456353
  -0.0288581
 -0.00820463
    0.017755
   0.0511699
   0.0952414
    0.154416
    0.233259
    0.330174
    0.423016
    0.472966
    0.467305
    0.428294
     0.38288
     0.34231
    0.308511
    0.280577
    0.257185
    0.237202
    0.219777
    0.204292
    0.190303
    0.177493
     0.16563
    0.154548
    0.144124
    0.134267
    0.124908
    0.115992
    0.107474
   0.0993175
   0.0914882
   0.0839549
   0.0766874
   0.0696558
     0.06283
   0.0561798
   0.0496746
   0.0432835
    0.036976
   0.0307218
   0.0244912
   0.0182559
   0.0119892
  0.00566679
-0.000732729
 -0.00722635
  -0.0138253
  -0.0205328
  -0.0273409
  -0.0342261
  -0.0411443
  -0.0480229
  -0.0547545
  -0.0611893
  -0.0671323
  -0.0723484
   -0.076579
  -0.0795729
  -0.0811269
           0
  0.00850891
