 -0.0697029
 -0.0708151
 -0.0729494
 -0.0759432
 -0.0795915
 -0.0836787
 -0.0880042
 -0.0923987
 -0.0967305
  -0.100904
  -0.104854
  -0.108541
  -0.111941
  -0.115044
  -0.117847
  -0.120349
  -0.122551
  -0.124453
  -0.126053
  -0.127346
  -0.128324
  -0.128976
  -0.129287
  -0.129238
  -0.128809
  -0.127975
  -0.126712
  -0.124988
  -0.122773
  -0.120032
  -0.116727
  -0.112812
  -0.108237
  -0.102941
 -0.0968466
 -0.0898573
 -0.0818463
 -0.0726444
 -0.0620206
 -0.0496548
 -0.0350949
 -0.0176915
 0.00350429
  0.0299017
  0.0636125
   0.107766
   0.166663
   0.244578
    0.33942
   0.428653
   0.474023
   0.464016
   0.421914
   0.374639
   0.333044
   0.298742
   0.270644
   0.247318
   0.227571
   0.210516
   0.195507
   0.182087
   0.169922
   0.158775
    0.14847
   0.138876
   0.129898
   0.121458
   0.113496
   0.105963
  0.0988136
  0.0920097
  0.0855134
  0.0792886
  0.0732991
  0.0675088
  0.0618811
  0.0563794
  0.0509666
   0.045606
  0.0402613
  0.0348973
  0.0294799
  0.0239774
  0.0183607
  0.0126044
 0.00668804
0.000597946
-0.00567039
  -0.012109
 -0.0186928
  -0.025374
 -0.0320749
 -0.0386804
 -0.0450318
 -0.0509244
 -0.0561133
  -0.060331
 -0.0633198
 -0.0648723
          0
 0.00538051
