  0.0415061
  0.0423004
  0.0438075
  0.0458811
  0.0483359
  0.0509764
  0.0536203
  0.0561127
  0.0583326
  0.0601924
  0.0616347
  0.0626271
   0.063158
  0.0632316
  0.0628652
  0.0620866
  0.0609313
  0.0594421
  0.0576668
  0.0556581
  0.0534721
  0.0511678
  0.0488067
  0.0464516
  0.0441666
  0.0420165
  0.0400662
  0.0383811
  0.0370263
   0.036068
  0.0355729
  0.0356105
  0.0362541
  0.0375835
  0.0396891
  0.0426767
  0.0466753
  0.0518475
   0.058405
  0.0666307
  0.0769123
  0.0897913
   0.106039
   0.126766
   0.153576
   0.188709
   0.234898
   0.293823
    0.36019
   0.411512
   0.418172
   0.378248
   0.318699
   0.262508
   0.216283
   0.179259
   0.149218
   0.124206
    0.10279
  0.0839688
  0.0670505
  0.0515574
  0.0371578
  0.0236207
  0.0107851
-0.00146084
 -0.0131944
 -0.0244682
 -0.0353174
 -0.0457648
 -0.0558245
 -0.0655041
 -0.0748071
 -0.0837333
 -0.0922804
  -0.100444
  -0.108218
  -0.115596
  -0.122568
  -0.129124
  -0.135252
   -0.14094
  -0.146175
   -0.15094
   -0.15522
  -0.159001
  -0.162267
  -0.165005
  -0.167206
  -0.168865
  -0.169987
  -0.170587
    -0.1707
  -0.170379
  -0.169707
  -0.168797
  -0.167787
  -0.166834
  -0.166091
  -0.165684
          0
  0.0201159
