  -0.086827
 -0.0879046
 -0.0899681
 -0.0928527
 -0.0963505
  -0.100242
  -0.104324
  -0.108424
  -0.112407
  -0.116175
  -0.119662
  -0.122825
  -0.125641
  -0.128101
  -0.130201
  -0.131942
  -0.133329
  -0.134364
   -0.13505
  -0.135384
  -0.135365
  -0.134984
  -0.134232
  -0.133097
  -0.131563
  -0.129612
  -0.127222
  -0.124371
  -0.121032
  -0.117177
  -0.112772
  -0.107779
  -0.102152
 -0.0958351
 -0.0887573
 -0.0808273
 -0.0719241
 -0.0618844
 -0.0504842
  -0.037411
 -0.0222229
 -0.0042839
  0.0173348
  0.0440101
  0.0777981
   0.121725
   0.179897
   0.256222
   0.348052
   0.432534
   0.472302
   0.457305
   0.411863
   0.362698
   0.320135
   0.285418
   0.257249
   0.234081
    0.21466
   0.198057
   0.183607
   0.170832
   0.159391
   0.149034
   0.139578
   0.130888
   0.122859
    0.11541
   0.108474
   0.101995
  0.0959245
  0.0902166
  0.0848281
   0.079717
  0.0748413
  0.0701589
  0.0656272
  0.0612036
  0.0568452
  0.0525096
  0.0481548
  0.0437401
  0.0392266
  0.0345775
  0.0297595
  0.0247434
  0.0195058
  0.0140306
 0.00831202
  0.0023579
-0.00380566
 -0.0101284
 -0.0165287
 -0.0228867
 -0.0290379
 -0.0347716
 -0.0398378
 -0.0439654
 -0.0468944
 -0.0484171
          0
  0.0020913
