  -0.103039
  -0.104062
  -0.106015
  -0.108734
  -0.112009
  -0.115623
   -0.11937
  -0.123079
  -0.126615
   -0.12988
  -0.132807
  -0.135355
  -0.137502
  -0.139237
  -0.140559
  -0.141473
  -0.141983
  -0.142097
  -0.141819
  -0.141152
  -0.140097
  -0.138652
  -0.136811
  -0.134568
  -0.131912
   -0.12883
  -0.125306
  -0.121324
  -0.116863
    -0.1119
  -0.106406
  -0.100349
 -0.0936897
  -0.086377
 -0.0783461
 -0.0695119
 -0.0597598
 -0.0489336
 -0.0368175
 -0.0231093
-0.00737987
  0.0109884
  0.0328974
  0.0596805
  0.0933206
   0.136714
   0.193723
   0.267832
   0.355781
   0.434487
   0.467781
   0.447291
   0.398358
   0.347333
   0.303896
   0.268869
   0.240729
   0.217812
   0.198799
   0.182725
   0.168902
   0.156838
    0.14618
    0.13667
   0.128118
   0.120382
   0.113353
   0.106941
   0.101077
  0.0956987
  0.0907507
  0.0861826
  0.0819456
  0.0779919
  0.0742742
  0.0707445
   0.067355
  0.0640573
  0.0608032
  0.0575449
  0.0542353
  0.0508289
  0.0472819
  0.0435534
  0.0396062
  0.0354076
  0.0309314
  0.0261595
  0.0210846
   0.015714
  0.0100743
 0.00421694
-0.00177445
-0.00777734
 -0.0136246
 -0.0191036
 -0.0239632
 -0.0279329
 -0.0307546
 -0.0322227
          0
  -0.001285
