  -0.117883
  -0.118832
   -0.12064
  -0.123143
  -0.126133
  -0.129396
   -0.13273
  -0.135965
  -0.138971
   -0.14165
  -0.143939
  -0.145798
  -0.147207
  -0.148156
  -0.148647
  -0.148686
   -0.14828
   -0.14744
  -0.146172
  -0.144485
  -0.142382
  -0.139865
  -0.136935
  -0.133588
  -0.129819
  -0.125621
  -0.120983
  -0.115893
  -0.110337
  -0.104297
 -0.0977494
 -0.0906688
 -0.0830203
 -0.0747595
 -0.0658277
 -0.0561461
 -0.0456072
 -0.0340629
 -0.0213069
-0.00704884
 0.00912461
  0.0278088
   0.049872
  0.0765948
   0.109871
   0.152442
   0.207891
   0.279218
   0.362519
   0.434567
   0.460658
   0.434285
   0.381776
    0.32895
    0.28474
   0.249506
   0.221487
   0.198901
   0.180365
   0.164879
   0.151734
   0.140425
   0.130587
   0.121958
   0.114339
   0.107584
   0.101577
  0.0962245
  0.0914508
  0.0871891
  0.0833796
  0.0799661
  0.0768951
  0.0741135
  0.0715687
   0.069208
  0.0669783
  0.0648263
   0.062699
  0.0605438
  0.0583091
   0.055945
  0.0534037
  0.0506405
  0.0476147
  0.0442908
  0.0406399
  0.0366419
  0.0322881
  0.0275849
  0.0225585
  0.0172603
  0.0117741
 0.00622261
 0.00077247
-0.00436515
-0.00894215
 -0.0126926
 -0.0153637
 -0.0167551
          0
-0.00466334
