  -0.130975
  -0.131835
  -0.133464
  -0.135704
  -0.138352
  -0.141197
  -0.144046
  -0.146735
  -0.149138
  -0.151163
   -0.15275
  -0.153861
   -0.15448
  -0.154599
  -0.154223
  -0.153359
  -0.152018
  -0.150212
  -0.147952
  -0.145247
  -0.142106
  -0.138535
  -0.134538
  -0.130116
  -0.125269
  -0.119993
  -0.114283
  -0.108133
  -0.101533
 -0.0944697
 -0.0869269
 -0.0788829
  -0.070309
 -0.0611668
 -0.0514035
 -0.0409471
 -0.0296975
 -0.0175153
-0.00420448
  0.0105119
  0.0270291
  0.0459169
  0.0680051
  0.0945134
   0.127234
   0.168732
   0.222281
   0.290354
   0.368372
   0.433039
   0.451342
   0.418785
   0.362641
   0.308071
   0.263172
   0.227813
   0.199986
   0.177787
   0.159773
   0.144909
   0.132468
   0.121931
   0.112926
   0.105183
     0.0985
  0.0927229
  0.0877319
  0.0834299
  0.0797355
  0.0765777
   0.073892
  0.0716179
   0.069697
   0.068072
  0.0666856
  0.0654806
  0.0643995
  0.0633848
  0.0623792
  0.0613262
  0.0601702
  0.0588578
  0.0573376
   0.055562
  0.0534873
  0.0510754
  0.0482953
  0.0451251
  0.0415545
  0.0375886
  0.0332522
  0.0285957
  0.0237012
   0.018689
  0.0137221
 0.00900649
  0.0047833
 0.00130995
-0.00116987
-0.00246332
          0
-0.00794963
