  -0.142018
   -0.14277
  -0.144189
  -0.146119
  -0.148368
  -0.150734
  -0.153032
  -0.155109
  -0.156846
  -0.158158
  -0.158989
  -0.159309
  -0.159101
  -0.158364
  -0.157102
  -0.155326
  -0.153049
  -0.150285
  -0.147048
   -0.14335
  -0.139204
  -0.134617
  -0.129598
  -0.124151
  -0.118281
  -0.111988
  -0.105271
 -0.0981291
  -0.090556
 -0.0825441
 -0.0740819
 -0.0651528
 -0.0557336
 -0.0457911
  -0.035279
 -0.0241316
 -0.0122564
0.000477192
   0.014254
  0.0293369
  0.0461017
  0.0650901
  0.0870899
   0.113254
   0.145264
   0.185494
   0.236883
   0.301347
   0.373606
   0.430353
   0.440426
   0.401447
   0.341616
   0.285328
    0.23979
   0.204352
   0.176752
   0.154964
   0.137484
   0.123246
   0.111503
   0.101726
  0.0935365
  0.0866563
  0.0808791
   0.076047
  0.0720357
  0.0687441
  0.0660869
  0.0639888
  0.0623815
  0.0612004
  0.0603834
   0.059869
  0.0595964
  0.0595044
   0.059532
   0.059618
  0.0597019
  0.0597237
  0.0596249
  0.0593491
  0.0588424
  0.0580546
  0.0569398
  0.0554581
  0.0535765
  0.0512716
  0.0485314
  0.0453595
  0.0417787
  0.0378367
  0.0336122
  0.0292206
   0.024818
  0.0206015
  0.0168009
  0.0136608
  0.0114122
  0.0102374
          0
 -0.0110447
