  -0.150809
  -0.151437
  -0.152611
  -0.154185
  -0.155978
  -0.157803
  -0.159488
  -0.160892
  -0.161907
  -0.162456
  -0.162492
  -0.161987
  -0.160931
  -0.159324
  -0.157174
  -0.154494
  -0.151298
  -0.147603
  -0.143425
  -0.138778
  -0.133677
  -0.128133
  -0.122157
  -0.115756
  -0.108939
  -0.101708
 -0.0940684
 -0.0860204
 -0.0775633
 -0.0686934
 -0.0594035
 -0.0496819
 -0.0395098
 -0.0288596
 -0.0176904
-0.00594279
 0.00646828
  0.0196647
  0.0338202
   0.049183
   0.066109
  0.0851108
   0.106932
   0.132656
   0.163848
   0.202683
    0.25175
   0.312388
   0.378601
   0.427091
   0.428642
   0.383065
   0.319477
   0.261458
   0.215281
   0.179762
   0.152381
   0.130988
   0.114018
   0.100374
  0.0892911
  0.0802298
  0.0728035
  0.0667301
  0.0617983
  0.0578465
  0.0547468
  0.0523946
  0.0507009
  0.0495873
   0.048982
  0.0488173
  0.0490275
  0.0495483
  0.0503155
  0.0512652
  0.0523333
  0.0534562
  0.0545705
   0.055614
   0.056526
  0.0572479
  0.0577242
  0.0579028
  0.0577365
  0.0571839
  0.0562109
  0.0547926
  0.0529157
  0.0505816
  0.0478107
  0.0446469
  0.0411634
  0.0374681
  0.0337071
  0.0300642
  0.0267535
  0.0240024
  0.0220248
  0.0209894
          0
 -0.0138499
