 -0.157258
 -0.157741
 -0.158634
 -0.159803
 -0.161083
 -0.162306
 -0.163318
 -0.163993
 -0.164236
 -0.163983
 -0.163192
 -0.161843
  -0.15993
 -0.157456
 -0.154431
 -0.150871
 -0.146791
  -0.14221
 -0.137144
 -0.131611
 -0.125625
 -0.119201
  -0.11235
 -0.105085
-0.0974124
-0.0893416
-0.0808783
-0.0720267
-0.0627891
-0.0531655
-0.0431523
-0.0327416
 -0.021919
-0.0106613
0.00106741
 0.0133206
 0.0261766
 0.0397489
 0.0542008
 0.0697663
 0.0867812
  0.105729
  0.127311
  0.152538
   0.18286
  0.220249
  0.266943
  0.323696
  0.383782
  0.423905
  0.416809
  0.364521
  0.297092
  0.237278
  0.190407
  0.154756
   0.12754
  0.106485
 0.0899625
 0.0768442
 0.0663477
 0.0579231
 0.0511771
 0.0458224
  0.041644
 0.0384768
 0.0361896
  0.034675
 0.0338411
 0.0336068
 0.0338976
  0.034643
 0.0357751
  0.037227
 0.0389322
 0.0408247
 0.0428385
 0.0449079
 0.0469682
 0.0489554
 0.0508077
 0.0524653
 0.0538717
  0.054974
 0.0557245
  0.056081
 0.0560088
  0.055482
 0.0544861
 0.0530205
 0.0511023
 0.0487705
 0.0460912
 0.0431622
 0.0401158
 0.0371185
 0.0343639
  0.032057
 0.0303903
 0.0295152
         0
-0.0162741
