  -0.161374
  -0.161693
  -0.162267
   -0.16298
  -0.163689
   -0.16425
   -0.16453
  -0.164424
  -0.163854
  -0.162766
   -0.16113
   -0.15893
  -0.156165
  -0.152842
  -0.148972
  -0.144573
  -0.139661
  -0.134256
  -0.128374
  -0.122034
  -0.115251
   -0.10804
  -0.100416
 -0.0923899
 -0.0839726
 -0.0751738
 -0.0660014
  -0.056462
 -0.0465603
 -0.0362988
 -0.0256769
 -0.0146896
-0.00332598
  0.0084335
  0.0206204
  0.0332832
  0.0464943
  0.0603597
   0.075033
   0.090735
   0.107783
   0.126634
   0.147944
    0.17266
   0.202118
   0.238095
   0.282481
   0.335453
   0.389553
   0.421445
   0.405766
   0.346736
   0.275375
    0.21366
   0.165993
   0.130109
    0.10296
  0.0821442
  0.0659692
   0.053274
  0.0432578
  0.0353599
  0.0291802
  0.0244263
  0.0208797
  0.0183721
  0.0167697
  0.0159627
  0.0158568
  0.0163689
  0.0174223
  0.0189447
  0.0208665
  0.0231189
  0.0256344
  0.0283453
  0.0311847
  0.0340859
  0.0369834
  0.0398129
  0.0425118
  0.0450206
  0.0472824
  0.0492448
  0.0508599
   0.052086
  0.0528883
  0.0532406
  0.0531274
  0.0525461
  0.0515101
  0.0500529
  0.0482315
  0.0461309
  0.0438665
  0.0415829
   0.039448
  0.0376391
  0.0363224
  0.0356281
          0
 -0.0182404
