    -0.16325
   -0.163385
   -0.163601
   -0.163807
   -0.163888
   -0.163728
   -0.163224
   -0.162294
   -0.160877
   -0.158935
   -0.156446
   -0.153403
   -0.149807
   -0.145669
   -0.141002
   -0.135822
   -0.130147
   -0.123997
   -0.117388
   -0.110337
   -0.102862
  -0.0949759
  -0.0866937
  -0.0780277
  -0.0689893
  -0.0595886
  -0.0498349
  -0.0397357
  -0.0292973
  -0.0185238
 -0.00741647
   0.0040276
   0.0158169
   0.0279681
   0.0405095
   0.0534856
    0.066964
   0.0810444
    0.095872
    0.111656
    0.128698
    0.147429
    0.168468
      0.1927
    0.221357
    0.256031
    0.298289
    0.347748
    0.396227
    0.420281
    0.396292
    0.330598
    0.255235
    0.191489
    0.142883
    0.106627
   0.0794105
   0.0587013
   0.0427423
   0.0303376
   0.0206669
   0.0131582
  0.00740383
  0.00310669
 4.45397e-05
 -0.00195369
   -0.003024
 -0.00327839
 -0.00281263
 -0.00171163
-5.32574e-05
  0.00208902
  0.00464439
  0.00754354
    0.010718
      0.0141
    0.017622
   0.0212177
   0.0248214
   0.0283693
   0.0317996
   0.0350533
   0.0380747
   0.0408123
   0.0432194
   0.0452554
   0.0468862
   0.0480862
   0.0488392
   0.0491409
    0.049001
   0.0484462
   0.0475234
   0.0463026
   0.0448784
   0.0433693
   0.0419124
   0.0406517
   0.0397219
    0.039228
           0
  -0.0196931
