   -0.163027
   -0.162956
   -0.162778
   -0.162429
   -0.161828
   -0.160897
   -0.159565
   -0.157777
   -0.155494
   -0.152692
    -0.14936
   -0.145498
   -0.141111
   -0.136209
   -0.130809
   -0.124925
   -0.118576
   -0.111777
   -0.104547
  -0.0969004
  -0.0888529
  -0.0804183
  -0.0716096
  -0.0624387
  -0.0529166
  -0.0430533
  -0.0328577
  -0.0223378
  -0.0115001
-0.000349374
   0.0111124
   0.0228869
   0.0349813
   0.0474105
   0.0602007
   0.0733935
   0.0870531
    0.101274
    0.116195
    0.132017
    0.149026
    0.167635
    0.188429
     0.21224
    0.240207
    0.273761
     0.31417
    0.360537
    0.403972
     0.42084
     0.38904
    0.316898
    0.237511
    0.171605
    0.121899
   0.0851083
   0.0576644
   0.0369054
   0.0210074
  0.00873812
-0.000743481
 -0.00802194
  -0.0135126
  -0.0175177
  -0.0202631
  -0.0219224
  -0.0226336
  -0.0225103
  -0.0216494
  -0.0201368
   -0.018051
   -0.015466
  -0.0124528
 -0.00908079
 -0.00541823
 -0.00153262
  0.00250935
  0.00664197
   0.0108008
   0.0149234
   0.0189493
   0.0228214
   0.0264859
   0.0298932
   0.0329989
   0.0357641
   0.0381567
   0.0401519
    0.041734
    0.042897
   0.0436471
   0.0440038
   0.0440026
   0.0436964
   0.0431563
   0.0424704
   0.0417398
     0.04107
   0.0405589
   0.0402824
           0
  -0.0206011
