  0.0463684
  0.0469775
  0.0481278
  0.0496962
  0.0515269
  0.0534544
  0.0553237
  0.0570025
  0.0583867
  0.0594011
  0.0599962
  0.0601447
  0.0598374
  0.0590799
  0.0578894
   0.056293
  0.0543259
  0.0520296
  0.0494514
  0.0466432
  0.0436607
  0.0405629
  0.0374113
   0.034269
  0.0312009
  0.0282724
  0.0255498
  0.0230995
  0.0209885
  0.0192842
  0.0180556
  0.0173739
  0.0173147
  0.0179601
  0.0194028
  0.0217514
  0.0251377
  0.0297274
  0.0357364
  0.0434526
  0.0532708
  0.0657441
  0.0816623
   0.102171
   0.128937
   0.164331
   0.211354
   0.272227
   0.342584
   0.400706
   0.415985
   0.384297
   0.330719
   0.278291
   0.234358
   0.198736
   0.169552
   0.145047
   0.123901
   0.105178
  0.0882308
  0.0726069
  0.0579935
  0.0441728
  0.0309934
   0.018351
 0.00617417
-0.00558461
 -0.0169563
 -0.0279599
  -0.038606
 -0.0488993
 -0.0588403
 -0.0684264
 -0.0776531
 -0.0865137
 -0.0950006
  -0.103105
  -0.110816
  -0.118123
  -0.125013
  -0.131472
  -0.137487
  -0.143042
   -0.14812
  -0.152706
  -0.156783
  -0.160338
  -0.163358
  -0.165837
  -0.167773
  -0.169177
  -0.170074
  -0.170506
  -0.170542
  -0.170273
  -0.169818
  -0.169309
  -0.168878
  -0.168631
          0
  0.0218325
