   -0.160842
   -0.160549
   -0.159945
   -0.159001
   -0.157677
   -0.155938
    -0.15375
   -0.151089
   -0.147939
   -0.144292
   -0.140147
   -0.135509
   -0.130388
   -0.124796
   -0.118746
   -0.112254
   -0.105335
  -0.0980042
  -0.0902755
  -0.0821632
    -0.07368
  -0.0648379
  -0.0556479
  -0.0461204
  -0.0362645
  -0.0260892
  -0.0156021
 -0.00481036
  0.00628022
   0.0176654
   0.0293435
    0.041316
     0.05359
   0.0661797
   0.0791104
   0.0924222
    0.106177
    0.120467
    0.135425
    0.151247
    0.168208
    0.186705
    0.207298
    0.230776
    0.258204
    0.290874
    0.329799
    0.373618
    0.412775
    0.423348
     0.38447
    0.306261
     0.22291
    0.154745
    0.103786
    0.066292
    0.038451
   0.0174742
  0.00146981
   -0.010832
  -0.0202942
  -0.0275144
  -0.0329163
  -0.0368075
  -0.0394174
   -0.040922
   -0.041461
  -0.0411491
  -0.0400837
  -0.0383512
  -0.0360301
  -0.0331942
   -0.029914
  -0.0262581
   -0.022294
  -0.0180879
   -0.013705
  -0.0092093
 -0.00466334
-0.000127475
  0.00434046
  0.00868579
   0.0128576
   0.0168093
   0.0204994
    0.023892
   0.0269573
   0.0296728
   0.0320232
   0.0340019
   0.0356114
   0.0368642
   0.0377835
   0.0384035
   0.0387693
   0.0389355
   0.0389627
   0.0389132
   0.0388434
   0.0387967
           0
   -0.020959
