  -0.156785
  -0.156259
  -0.155212
  -0.153651
  -0.151586
  -0.149026
   -0.14598
  -0.142456
  -0.138463
  -0.134009
  -0.129104
  -0.123759
  -0.117984
  -0.111793
  -0.105199
 -0.0982123
  -0.090847
 -0.0831148
 -0.0750268
 -0.0665937
 -0.0578251
 -0.0487299
 -0.0393162
 -0.0295915
 -0.0195626
 -0.0092357
  0.0013834
  0.0122897
  0.0234792
  0.0349491
  0.0466991
  0.0587318
  0.0710551
  0.0836838
  0.0966433
   0.109974
   0.123737
   0.138022
   0.152963
   0.168748
   0.185649
   0.204052
   0.224499
   0.247749
   0.274809
   0.306866
   0.344726
   0.386635
   0.422427
   0.427803
   0.382804
   0.299091
   0.211952
   0.141489
  0.0891541
  0.0508042
   0.022404
  0.0010438
 -0.0152345
 -0.0277387
  -0.037354
  -0.044692
 -0.0501848
 -0.0541454
 -0.0568068
 -0.0583472
 -0.0589075
 -0.0586029
 -0.0575313
 -0.0557785
 -0.0534225
 -0.0505362
  -0.047189
 -0.0434481
 -0.0393792
 -0.0350464
  -0.030513
 -0.0258403
 -0.0210882
 -0.0163141
 -0.0115726
 -0.0069148
-0.00238815
 0.00196459
 0.00610566
  0.0100028
  0.0136296
   0.016966
  0.0199984
  0.0227197
  0.0251291
  0.0272321
  0.0290393
  0.0305656
  0.0318284
  0.0328463
  0.0336371
  0.0342162
  0.0345955
  0.0347832
          0
 -0.0207833
