  -0.150879
  -0.150121
  -0.148632
   -0.14646
  -0.143666
  -0.140306
  -0.136434
  -0.132091
  -0.127311
  -0.122119
  -0.116534
  -0.110573
  -0.104249
 -0.0975734
 -0.0905562
 -0.0832072
 -0.0755351
  -0.067548
  -0.059253
 -0.0506564
 -0.0417639
 -0.0325803
 -0.0231098
 -0.0133561
-0.00332253
   0.006988
   0.017573
  0.0284304
   0.039559
  0.0509587
  0.0626312
  0.0745816
  0.0868196
  0.0993617
   0.112235
    0.12548
   0.139161
   0.153367
   0.168231
   0.183942
   0.200769
   0.219093
   0.239449
   0.262576
   0.289446
   0.321174
   0.358411
   0.399097
   0.432531
    0.43397
   0.384005
   0.295543
   0.204925
   0.132214
  0.0784342
  0.0391114
  0.0100139
 -0.0118781
 -0.0285853
 -0.0414521
 -0.0513861
 -0.0590121
 -0.0647709
  -0.068981
 -0.0718783
  -0.073643
 -0.0744168
 -0.0743152
 -0.0734354
 -0.0718625
 -0.0696734
 -0.0669393
 -0.0637277
 -0.0601037
 -0.0561307
 -0.0518701
 -0.0473823
 -0.0427254
 -0.0379559
 -0.0331274
 -0.0282907
 -0.0234928
 -0.0187769
 -0.0141813
-0.00973937
-0.00547919
-0.00142326
 0.00241142
 0.00601311
 0.00937468
  0.0124925
  0.0153651
  0.0179904
  0.0203639
  0.0224753
  0.0243067
   0.025832
  0.0270191
  0.0278345
  0.0282502
          0
 -0.0201062
