  -0.143101
  -0.142124
   -0.14022
  -0.137478
  -0.134004
  -0.129907
   -0.12528
    -0.1202
  -0.114723
  -0.108893
  -0.102738
 -0.0962777
 -0.0895282
 -0.0824993
  -0.075199
  -0.067633
 -0.0598059
 -0.0517209
 -0.0433803
 -0.0347857
 -0.0259378
 -0.0168365
 -0.0074814
 0.00212831
  0.0119938
  0.0221165
  0.0324979
  0.0431399
  0.0540449
  0.0652163
  0.0766594
   0.088382
   0.100397
   0.112724
   0.125391
   0.138444
   0.151947
   0.165993
   0.180717
   0.196309
   0.213041
   0.231295
   0.251604
   0.274702
   0.301548
   0.333217
   0.370267
   0.410419
   0.442542
   0.441399
   0.387783
   0.295505
   0.201872
   0.127068
  0.0718479
  0.0314872
 0.00159317
  -0.020949
  -0.038216
 -0.0515858
 -0.0619865
 -0.0700559
 -0.0762426
 -0.0808699
 -0.0841766
 -0.0863442
 -0.0875148
 -0.0878032
 -0.0873059
 -0.0861064
 -0.0842797
 -0.0818949
  -0.079017
 -0.0757084
 -0.0720292
 -0.0680378
 -0.0637907
 -0.0593427
 -0.0547458
 -0.0500497
 -0.0453006
  -0.040541
  -0.035809
 -0.0311384
 -0.0265578
 -0.0220906
 -0.0177552
 -0.0135655
-0.00953101
-0.00565895
-0.00195567
 0.00157038
 0.00490524
 0.00802532
  0.0108936
  0.0134572
  0.0156482
   0.017389
  0.0186028
  0.0192272
          0
 -0.0189671
