  -0.133439
   -0.13227
  -0.130003
  -0.126762
  -0.122699
  -0.117965
  -0.112694
  -0.106993
  -0.100944
  -0.094602
 -0.0880076
 -0.0811857
 -0.0741522
 -0.0669165
 -0.0594835
 -0.0518554
  -0.044032
 -0.0360114
 -0.0277909
 -0.0193665
 -0.0107334
-0.00188618
 0.00718089
   0.016474
  0.0259994
  0.0357635
  0.0457727
  0.0560335
  0.0665529
  0.0773387
     0.0884
   0.099749
   0.111402
   0.123383
   0.135724
   0.148473
   0.161698
   0.175498
   0.190009
   0.205429
   0.222033
    0.24021
   0.260499
   0.283642
   0.310601
   0.342448
   0.379707
   0.419976
   0.451811
   0.449478
   0.393634
    0.29863
    0.20259
   0.125966
  0.0693975
  0.0279987
-0.00274132
  -0.026012
 -0.0439361
 -0.0579204
 -0.0689105
 -0.0775554
 -0.0843107
 -0.0895034
 -0.0933745
 -0.0961061
   -0.09784
   -0.09869
 -0.0987508
 -0.0981041
 -0.0968221
 -0.0949712
 -0.0926134
 -0.0898076
 -0.0866104
 -0.0830762
 -0.0792576
 -0.0752047
 -0.0709655
 -0.0665845
 -0.0621034
 -0.0575594
  -0.052986
 -0.0484116
   -0.04386
 -0.0393501
 -0.0348962
  -0.030509
 -0.0261964
 -0.0219655
 -0.0178257
 -0.0137922
-0.00989033
-0.00616143
-0.00266705
0.000508325
 0.00325927
 0.00546793
 0.00701935
 0.00782098
          0
 -0.0174057
