  -0.121951
  -0.120628
  -0.118069
  -0.114428
  -0.109894
  -0.104655
 -0.0988781
 -0.0927001
 -0.0862225
 -0.0795174
 -0.0726327
 -0.0655987
 -0.0584329
 -0.0511437
 -0.0437336
  -0.036201
 -0.0285409
 -0.0207466
 -0.0128098
-0.00472061
 0.00353134
  0.0119573
   0.020569
  0.0293783
  0.0383972
  0.0476376
  0.0571116
  0.0668309
  0.0768076
  0.0870544
  0.0975856
   0.108418
   0.119572
   0.131077
   0.142969
     0.1553
   0.168145
   0.181605
   0.195826
   0.211008
   0.227438
   0.245512
   0.265785
   0.289014
   0.316186
   0.348399
   0.386198
   0.427159
   0.459656
    0.45749
   0.400891
   0.304371
   0.206671
   0.128613
   0.070879
  0.0285121
-0.00306691
 -0.0270978
 -0.0457367
 -0.0604116
 -0.0720821
 -0.0814056
 -0.0888426
  -0.094723
 -0.0992888
  -0.102722
  -0.105163
  -0.106724
  -0.107497
  -0.107562
  -0.106987
  -0.105836
  -0.104166
  -0.102034
 -0.0994902
 -0.0965859
 -0.0933688
 -0.0898844
 -0.0861756
  -0.082282
   -0.07824
 -0.0740819
 -0.0698358
 -0.0655251
 -0.0611688
 -0.0567815
 -0.0523737
 -0.0479532
 -0.0435266
 -0.0391015
 -0.0346904
 -0.0303149
 -0.0260112
 -0.0218362
 -0.0178731
 -0.0142332
 -0.0110531
-0.00848382
-0.00667129
 -0.0057324
          0
 -0.0154586
