  -0.108803
  -0.107367
  -0.104597
  -0.100667
 -0.0957929
 -0.0901941
  -0.084066
  -0.077568
 -0.0708205
 -0.0639088
 -0.0568899
 -0.0497989
  -0.042655
 -0.0354663
  -0.028233
   -0.02095
 -0.0136081
-0.00619552
 0.00130171
 0.00889897
  0.0166127
  0.0244604
  0.0324596
  0.0406285
  0.0489851
  0.0575475
  0.0663335
  0.0753606
  0.0846466
  0.0942099
    0.10407
   0.114249
   0.124773
   0.135675
   0.146998
   0.158799
   0.171158
   0.184183
   0.198025
   0.212895
   0.229088
   0.247016
    0.26725
   0.290574
   0.318013
   0.350717
   0.389306
   0.431428
   0.465419
   0.464689
   0.408799
    0.31205
   0.213545
   0.134547
  0.0759146
  0.0327197
0.000366151
 -0.0244079
 -0.0437763
 -0.0591799
 -0.0715864
 -0.0816584
 -0.0898591
 -0.0965195
  -0.101881
  -0.106125
  -0.109389
  -0.111784
  -0.113398
  -0.114307
  -0.114577
  -0.114267
  -0.113431
  -0.112119
  -0.110379
  -0.108256
  -0.105794
  -0.103032
  -0.100009
 -0.0967587
 -0.0933121
 -0.0896965
 -0.0859346
 -0.0820451
 -0.0780424
 -0.0739368
 -0.0697356
 -0.0654443
 -0.0610684
 -0.0566164
  -0.052104
 -0.0475588
 -0.0430266
 -0.0385778
 -0.0343131
 -0.0303654
 -0.0268958
 -0.0240803
 -0.0220883
 -0.0210548
          0
 -0.0131601
