 -0.0942597
 -0.0927541
 -0.0898508
 -0.0857411
 -0.0806603
  -0.074849
 -0.0685242
 -0.0618643
 -0.0550053
 -0.0480442
 -0.0410458
   -0.03405
 -0.0270781
  -0.020138
 -0.0132283
-0.00634044
0.000538581
 0.00742545
  0.0143394
  0.0213014
   0.028334
  0.0354607
  0.0427054
  0.0500925
  0.0576463
  0.0653911
  0.0733509
  0.0815494
  0.0900104
  0.0987581
   0.107818
   0.117217
   0.126988
   0.137169
   0.147808
    0.15897
   0.170739
    0.18323
   0.196603
   0.211078
   0.226961
   0.244679
   0.264827
    0.28822
   0.315931
   0.349187
   0.388728
   0.432361
   0.468532
   0.470371
   0.416594
   0.320929
   0.222554
   0.143192
  0.0840037
   0.040184
 0.00717423
 -0.0182789
 -0.0383498
 -0.0544815
 -0.0676437
 -0.0784999
 -0.0875133
 -0.0950136
  -0.101241
  -0.106373
  -0.110547
  -0.113868
  -0.116422
   -0.11828
  -0.119504
  -0.120149
  -0.120263
  -0.119893
   -0.11908
  -0.117866
  -0.116288
   -0.11438
  -0.112176
  -0.109703
  -0.106989
  -0.104054
  -0.100917
 -0.0975906
 -0.0940859
 -0.0904091
 -0.0865646
 -0.0825558
 -0.0783877
 -0.0740698
 -0.0696206
  -0.065073
 -0.0604807
 -0.0559251
 -0.0515205
  -0.047416
 -0.0437904
 -0.0408378
 -0.0387438
 -0.0376557
          0
 -0.0105461
