 -0.0786715
 -0.0771335
 -0.0741702
 -0.0699819
 -0.0648168
 -0.0589301
 -0.0525544
 -0.0458823
 -0.0390621
 -0.0322004
  -0.025369
 -0.0186117
 -0.0119521
-0.00539794
 0.00105376
  0.0074141
     0.0137
  0.0199325
  0.0261359
  0.0323367
  0.0385632
  0.0448449
   0.051212
   0.057695
  0.0643247
  0.0711316
  0.0781459
  0.0853977
  0.0929169
   0.100734
   0.108879
   0.117387
   0.126295
   0.135648
   0.145499
    0.15592
      0.167
   0.178863
   0.191675
   0.205668
   0.221158
   0.238591
   0.258584
   0.281989
   0.309934
   0.343742
   0.384308
    0.42968
    0.46856
   0.473941
   0.423578
   0.330292
    0.23302
   0.153928
  0.0945847
   0.050395
  0.0168931
-0.00913395
 -0.0298422
 -0.0466658
 -0.0605692
 -0.0722121
 -0.0820544
 -0.0904229
 -0.0975538
  -0.103622
  -0.108759
  -0.113068
   -0.11663
  -0.119511
  -0.121768
   -0.12345
  -0.124603
  -0.125266
  -0.125477
   -0.12527
  -0.124677
  -0.123729
  -0.122451
  -0.120868
  -0.118999
  -0.116862
  -0.114469
  -0.111829
  -0.108949
  -0.105831
  -0.102477
 -0.0988899
 -0.0950727
 -0.0910362
 -0.0868012
 -0.0824047
 -0.0779067
 -0.0733964
  -0.068998
 -0.0648719
 -0.0612088
  -0.058215
 -0.0560866
 -0.0549791
          0
-0.00765806
