 -0.0624412
 -0.0609036
 -0.0579435
 -0.0537656
  -0.048625
 -0.0427859
 -0.0364909
 -0.0299427
 -0.0232985
 -0.0166722
 -0.0101411
-0.00375256
 0.00246849
 0.00851409
  0.0143887
  0.0201058
  0.0256859
   0.031154
  0.0365392
  0.0418733
  0.0471899
  0.0525244
  0.0579129
  0.0633921
  0.0689988
  0.0747699
  0.0807418
  0.0869506
  0.0934323
   0.100223
   0.107361
   0.114884
   0.122837
    0.13127
   0.140244
   0.149833
   0.160136
   0.171282
   0.183448
   0.196872
   0.211885
   0.228947
   0.248702
   0.272039
   0.300147
   0.334456
   0.376044
   0.423273
   0.465241
   0.474967
   0.429184
   0.339511
   0.244318
   0.166159
   0.107097
  0.0628282
  0.0290324
 0.00256936
 -0.0186798
 -0.0361285
 -0.0507283
 -0.0631304
 -0.0737881
 -0.0830225
 -0.0910648
  -0.098085
   -0.10421
  -0.109537
  -0.114143
  -0.118089
  -0.121427
  -0.124201
   -0.12645
  -0.128208
  -0.129507
  -0.130378
  -0.130845
  -0.130933
  -0.130663
  -0.130054
   -0.12912
  -0.127872
   -0.12632
  -0.124468
  -0.122318
   -0.11987
  -0.117123
  -0.114077
  -0.110736
   -0.10711
  -0.103223
 -0.0991126
 -0.0948442
  -0.090512
 -0.0862463
 -0.0822145
 -0.0786149
 -0.0756606
 -0.0735543
 -0.0724566
          0
-0.00454677
