   0.0490606
   0.0494644
   0.0502192
   0.0512296
   0.0523739
   0.0535223
   0.0545522
   0.0553583
   0.0558572
   0.0559883
   0.0557119
   0.0550065
   0.0538656
    0.052296
   0.0503145
   0.0479473
    0.045228
   0.0421967
    0.038899
   0.0353854
   0.0317103
   0.0279317
     0.02411
   0.0203082
   0.0165906
   0.0130227
  0.00967087
  0.00660209
  0.00388389
   0.0015847
-0.000225556
 -0.00147431
 -0.00208465
 -0.00197271
 -0.00104395
 0.000812223
  0.00373007
  0.00787847
   0.0134768
   0.0208184
   0.0303055
   0.0425032
   0.0582212
   0.0786403
    0.105495
    0.141285
    0.189279
    0.252224
     0.32663
    0.391461
    0.415072
    0.391215
    0.343238
    0.294301
     0.25248
    0.218148
    0.189757
    0.165731
    0.144853
    0.126251
    0.109312
   0.0936095
   0.0788474
   0.0648188
   0.0513807
   0.0384348
   0.0259148
   0.0137771
  0.00199398
 -0.00945077
  -0.0205654
  -0.0313524
  -0.0418105
  -0.0519356
  -0.0617217
  -0.0711612
  -0.0802456
   -0.088965
   -0.097309
   -0.105266
   -0.112824
   -0.119968
   -0.126686
   -0.132961
   -0.138778
   -0.144121
   -0.148974
   -0.153322
   -0.157151
   -0.160453
   -0.163222
   -0.165463
   -0.167191
   -0.168437
   -0.169249
   -0.169698
   -0.169871
   -0.169872
   -0.169801
   -0.169741
           0
   0.0230354
