 -0.0460067
  -0.044498
 -0.0415955
 -0.0375051
  -0.032484
 -0.0268008
 -0.0207032
 -0.0143999
-0.00805401
-0.00178448
 0.00432781
  0.0102329
  0.0159049
  0.0213361
  0.0265322
  0.0315092
  0.0362904
  0.0409049
   0.045386
  0.0497703
  0.0540967
  0.0584057
  0.0627392
  0.0671398
    0.07165
  0.0763127
  0.0811703
  0.0862648
  0.0916381
  0.0973325
   0.103391
   0.109859
   0.116786
   0.124228
   0.132251
   0.140936
   0.150388
   0.160744
   0.172185
   0.184962
   0.199416
   0.216025
   0.235453
   0.258629
   0.286807
   0.321528
   0.364079
   0.413194
   0.458497
   0.473209
   0.433028
   0.348111
   0.255935
   0.179371
   0.121039
   0.076999
  0.0431285
  0.0163894
-0.00528126
 -0.0232643
 -0.0384913
 -0.0515999
 -0.0630333
 -0.0731046
 -0.0820386
  -0.089999
  -0.097107
  -0.103454
  -0.109112
  -0.114136
  -0.118573
   -0.12246
  -0.125832
  -0.128718
  -0.131143
  -0.133131
  -0.134703
  -0.135877
  -0.136669
  -0.137092
  -0.137155
  -0.136865
  -0.136227
   -0.13524
  -0.133903
  -0.132214
  -0.130168
  -0.127765
  -0.125006
  -0.121901
  -0.118475
  -0.114767
  -0.110845
  -0.106804
  -0.102778
 -0.0989386
 -0.0954867
 -0.0926391
 -0.0906018
 -0.0895379
          0
-0.00127401
