 -0.0298311
 -0.0283757
 -0.0255785
 -0.0216432
 -0.0168257
  -0.011394
-0.00559719
0.000353791
 0.00629317
  0.0120994
  0.0176894
  0.0230123
  0.0280415
  0.0327701
  0.0372052
  0.0413648
  0.0452752
  0.0489689
  0.0524832
  0.0558589
  0.0591395
  0.0623707
  0.0655994
  0.0688734
  0.0722409
  0.0757501
   0.079449
  0.0833854
  0.0876066
  0.0921604
  0.0970956
   0.102463
   0.108317
    0.11472
   0.121743
   0.129473
    0.13802
   0.147528
   0.158186
   0.170251
   0.184076
   0.200154
   0.219173
   0.242096
   0.270242
   0.305269
    0.34869
   0.399659
   0.448446
   0.468646
    0.43494
   0.355803
   0.267514
   0.193172
   0.136005
  0.0925027
  0.0587826
  0.0319376
 0.00997831
-0.00843276
    -0.0242
 -0.0379427
  -0.050091
 -0.0609482
 -0.0707305
 -0.0795945
  -0.087655
 -0.0949976
  -0.101687
  -0.107775
    -0.1133
  -0.118295
   -0.12279
  -0.126805
  -0.130364
  -0.133482
  -0.136175
  -0.138457
  -0.140337
  -0.141824
  -0.142922
  -0.143633
  -0.143957
  -0.143891
  -0.143429
  -0.142566
  -0.141296
  -0.139615
  -0.137524
  -0.135032
  -0.132162
  -0.128955
  -0.125476
  -0.121822
  -0.118128
  -0.114564
  -0.111331
  -0.108647
  -0.106718
  -0.105708
          0
 0.00208663
