 -0.0143816
 -0.0130019
 -0.0103532
-0.00663447
-0.00209636
 0.00299719
     0.0084
  0.0139025
  0.0193392
  0.0245885
  0.0295671
   0.034224
  0.0385332
  0.0424886
  0.0460989
  0.0493842
  0.0523733
  0.0551017
  0.0576101
  0.0599431
  0.0621484
   0.064276
  0.0663773
  0.0685049
  0.0707119
  0.0730515
  0.0755766
  0.0783401
  0.0813946
   0.084793
  0.0885889
  0.0928384
  0.0976013
   0.102944
   0.108944
   0.115692
   0.123306
   0.131932
   0.141767
   0.153076
   0.166222
   0.181711
    0.20025
    0.22284
   0.250861
   0.286092
   0.330282
   0.383045
   0.435402
   0.461479
   0.434975
     0.3625
   0.278864
   0.207309
   0.151708
   0.109032
  0.0756777
  0.0488951
  0.0267833
 0.00805777
-0.00815228
 -0.0224438
 -0.0352313
 -0.0468057
 -0.0573741
 -0.0670849
 -0.0760458
 -0.0843359
 -0.0920141
  -0.099125
  -0.105703
  -0.111775
  -0.117364
  -0.122487
  -0.127159
  -0.131393
  -0.135199
  -0.138584
  -0.141553
   -0.14411
  -0.146255
  -0.147986
  -0.149298
  -0.150185
  -0.150638
  -0.150648
  -0.150208
   -0.14931
  -0.147955
  -0.146149
  -0.143914
  -0.141289
  -0.138337
  -0.135154
   -0.13187
  -0.128654
  -0.125703
  -0.123233
  -0.121448
   -0.12051
          0
 0.00545024
