-0.000108852
  0.00117397
  0.00363328
   0.0070776
   0.0112649
   0.0159397
   0.0208624
   0.0258286
   0.0306763
   0.0352862
   0.0395766
   0.0434979
   0.0470252
   0.0501538
   0.0528939
   0.0552676
   0.0573059
   0.0590468
   0.0605339
    0.061815
   0.0629412
   0.0639661
   0.0649452
   0.0659349
   0.0669926
   0.0681758
   0.0695419
   0.0711481
   0.0730515
   0.0753097
   0.0779809
   0.0811256
   0.0848083
      0.0891
   0.0940822
   0.0998518
    0.106529
    0.114267
    0.123268
    0.133803
    0.146244
    0.161109
    0.179125
    0.201325
    0.229151
    0.264502
    0.309376
    0.363877
     0.41986
    0.452116
    0.433399
    0.368308
    0.289962
    0.221667
    0.167971
    0.126371
   0.0935754
   0.0670096
   0.0448746
    0.025947
  0.00939439
 -0.00535438
  -0.0186957
  -0.0309073
  -0.0421856
  -0.0526705
  -0.0624623
  -0.0716333
  -0.0802363
    -0.08831
  -0.0958832
   -0.102978
    -0.10961
   -0.115793
   -0.121536
   -0.126847
   -0.131731
    -0.13619
   -0.140226
   -0.143836
   -0.147018
   -0.149765
   -0.152068
   -0.153919
   -0.155306
   -0.156217
   -0.156642
   -0.156572
   -0.156003
   -0.154942
   -0.153407
   -0.151433
   -0.149081
   -0.146441
   -0.143638
   -0.140835
   -0.138225
   -0.136016
   -0.134407
   -0.133559
           0
   0.0087228
