    0.012571
   0.0137362
   0.0159661
   0.0190796
   0.0228473
   0.0270261
   0.0313875
    0.035736
   0.0399164
   0.0438141
   0.0473511
   0.0504801
   0.0531783
   0.0554428
   0.0572852
   0.0587293
    0.059808
   0.0605613
   0.0610349
   0.0612792
    0.061348
   0.0612978
    0.061187
   0.0610755
   0.0610239
   0.0610934
    0.061345
   0.0618398
   0.0626386
   0.0638029
   0.0653949
    0.067479
   0.0701237
    0.073404
   0.0774054
    0.082229
    0.087999
   0.0948733
    0.103059
    0.112832
    0.124573
     0.13881
    0.156289
    0.178076
    0.205672
    0.241098
    0.286605
    0.342816
    0.402479
     0.44115
    0.430662
    0.373496
    0.300915
    0.236235
    0.184704
    0.144376
    0.112294
   0.0860753
   0.0640306
   0.0450039
   0.0282051
    0.013091
-0.000715414
  -0.0134775
  -0.0253806
  -0.0365558
  -0.0470957
  -0.0570663
   -0.066514
  -0.0754722
  -0.0839642
  -0.0920066
  -0.0996111
   -0.106786
   -0.113535
   -0.119862
   -0.125768
   -0.131251
   -0.136308
   -0.140933
   -0.145119
   -0.148858
   -0.152137
   -0.154944
   -0.157265
   -0.159086
   -0.160394
   -0.161179
   -0.161434
   -0.161162
   -0.160378
   -0.159114
   -0.157425
   -0.155394
   -0.153138
   -0.150812
   -0.148598
   -0.146696
   -0.145297
   -0.144554
           0
   0.0118052
