  0.0233001
  0.0243268
  0.0262874
  0.0290142
  0.0322947
  0.0359028
  0.0396256
  0.0432805
  0.0467225
  0.0498443
  0.0525735
  0.0548663
  0.0567029
  0.0580818
  0.0590166
  0.0595323
   0.059663
  0.0594502
   0.058941
  0.0581876
  0.0572455
  0.0561733
  0.0550317
   0.053883
  0.0527904
  0.0518177
  0.0510288
  0.0504878
  0.0502586
  0.0504059
   0.050995
  0.0520938
   0.053774
  0.0561141
   0.059203
  0.0631452
  0.0680687
  0.0741351
  0.0815555
  0.0906121
   0.101691
   0.115333
     0.1323
   0.153688
   0.181062
   0.216565
   0.262705
    0.32064
   0.384052
   0.429314
   0.427348
   0.378443
   0.311916
   0.251068
   0.201864
   0.162935
   0.131675
   0.105898
  0.0840344
   0.064996
  0.0480374
  0.0326445
  0.0184605
  0.0052366
-0.00720152
  -0.018976
 -0.0301723
 -0.0408499
 -0.0510498
 -0.0607998
 -0.0701187
 -0.0790185
 -0.0875062
 -0.0955857
  -0.103258
  -0.110522
  -0.117374
   -0.12381
  -0.129823
  -0.135404
  -0.140543
  -0.145229
  -0.149448
  -0.153184
  -0.156422
  -0.159145
  -0.161339
   -0.16299
  -0.164091
  -0.164641
   -0.16465
  -0.164146
  -0.163175
  -0.161813
  -0.160168
   -0.15838
  -0.156618
   -0.15507
  -0.153914
  -0.153296
          0
  0.0145987
