  0.0318007
  0.0326679
  0.0343191
  0.0366039
  0.0393307
  0.0422957
  0.0453066
  0.0481979
  0.0508381
  0.0531301
  0.0550086
  0.0564347
  0.0573917
  0.0578804
  0.0579155
  0.0575228
  0.0567374
  0.0556012
  0.0541623
  0.0524733
   0.050591
  0.0485749
  0.0464872
  0.0443916
  0.0423529
  0.0404369
  0.0387095
  0.0372369
  0.0360853
  0.0353217
   0.035014
  0.0352328
  0.0360523
   0.037554
  0.0398294
  0.0429861
  0.0471552
  0.0525017
  0.0592406
  0.0676591
  0.0781503
  0.0912638
   0.107781
    0.12883
   0.156035
   0.191666
   0.238493
   0.298217
   0.365463
    0.41743
    0.42411
   0.383577
   0.323184
   0.266229
   0.219403
   0.181923
   0.151536
   0.126259
   0.104637
  0.0856542
  0.0686081
  0.0530138
  0.0385346
  0.0249358
  0.0120537
-0.00022551
 -0.0119804
 -0.0232647
 -0.0341143
 -0.0445526
  -0.054594
 -0.0642466
 -0.0735139
 -0.0823962
  -0.090891
 -0.0989941
    -0.1067
     -0.114
  -0.120885
  -0.127345
  -0.133368
  -0.138939
  -0.144043
  -0.148664
  -0.152784
  -0.156385
  -0.159451
  -0.161967
  -0.163922
  -0.165313
  -0.166146
  -0.166441
  -0.166238
  -0.165603
  -0.164628
  -0.163439
  -0.162187
  -0.161042
  -0.160166
  -0.159691
          0
  0.0170121
