  0.0378859
   0.038573
  0.0398754
  0.0416639
  0.0437731
  0.0460267
   0.048258
  0.0503232
  0.0521078
  0.0535274
  0.0545255
   0.055069
  0.0551448
  0.0547556
  0.0539173
   0.052656
  0.0510066
   0.049011
   0.046717
  0.0441772
  0.0414482
  0.0385901
   0.035665
  0.0327375
   0.029873
  0.0271383
  0.0246003
  0.0223266
  0.0203849
  0.0188437
  0.0177729
  0.0172446
  0.0173355
  0.0181288
  0.0197185
  0.0222148
  0.0257511
  0.0304957
  0.0366673
  0.0445577
  0.0545671
  0.0672557
  0.0834236
   0.104231
   0.131365
   0.167224
   0.214844
   0.276461
    0.34763
   0.406334
   0.421597
   0.389302
   0.334902
   0.281735
   0.237222
    0.20116
    0.17164
   0.146877
   0.125528
   0.106644
  0.0895662
  0.0738368
  0.0591374
  0.0452465
  0.0320104
  0.0193225
 0.00711039
-0.00467469
 -0.0160644
 -0.0270784
 -0.0377276
 -0.0480171
 -0.0579476
 -0.0675165
 -0.0767193
 -0.0855493
 -0.0939986
  -0.102058
  -0.109716
  -0.116961
  -0.123779
  -0.130155
  -0.136073
  -0.141517
  -0.146466
  -0.150904
  -0.154812
  -0.158175
  -0.160979
  -0.163218
  -0.164894
   -0.16602
  -0.166628
   -0.16677
  -0.166524
  -0.165995
  -0.165312
  -0.164621
  -0.164062
   -0.16375
          0
  0.0189684
