   0.0414563
   0.0419434
     0.04286
   0.0441016
   0.0455345
   0.0470155
   0.0484085
    0.049596
   0.0504839
    0.051003
   0.0511067
   0.0507688
   0.0499798
   0.0487443
   0.0470785
   0.0450083
   0.0425676
   0.0397975
   0.0367444
   0.0334601
   0.0300001
   0.0264237
   0.0227925
   0.0191706
   0.0156234
   0.0122175
  0.00902026
  0.00609957
  0.00352388
  0.00136249
-0.000313789
  -0.0014315
  -0.0019128
 -0.00167279
-0.000615733
  0.00137033
  0.00442135
  0.00870833
   0.0144534
   0.0219535
   0.0316159
   0.0440124
   0.0599623
     0.08066
    0.107859
    0.144086
    0.192639
    0.256281
    0.331446
    0.396809
    0.420383
    0.395931
    0.347161
    0.297514
    0.255135
    0.220379
    0.191664
    0.167387
    0.146311
    0.127549
    0.110479
   0.0946689
   0.0798165
   0.0657118
   0.0522095
   0.0392093
   0.0266437
   0.0144679
  0.00265357
 -0.00881613
  -0.0199498
  -0.0307502
  -0.0412162
  -0.0513438
  -0.0611267
  -0.0705573
  -0.0796264
  -0.0883239
  -0.0966382
   -0.104557
   -0.112066
    -0.11915
   -0.125794
    -0.13198
    -0.13769
   -0.142906
    -0.14761
   -0.151785
   -0.155417
   -0.158497
   -0.161023
   -0.163001
   -0.164452
   -0.165416
   -0.165951
    -0.16614
   -0.166084
   -0.165898
   -0.165696
   -0.165568
           0
   0.0204116
