   0.0424805
   0.0427506
   0.0432491
   0.0439008
   0.0446085
   0.0452678
   0.0457783
   0.0460527
   0.0460206
   0.0456297
    0.044845
   0.0436472
   0.0420305
   0.0400009
   0.0375744
   0.0347759
   0.0316376
   0.0281984
   0.0245029
   0.0206007
   0.0165455
   0.0123947
  0.00820866
   0.0040499
-1.71218e-05
 -0.00392667
 -0.00761204
  -0.0110057
  -0.0140394
  -0.0166438
  -0.0187478
  -0.0202775
  -0.0211544
  -0.0212926
  -0.0205951
  -0.0189486
  -0.0162151
   -0.012221
 -0.00674057
 0.000528189
   0.0100003
   0.0222599
   0.0381469
    0.058892
   0.0863159
    0.123074
    0.172722
    0.238518
      0.3177
    0.389509
    0.420894
    0.403635
    0.359917
    0.313369
    0.272844
    0.239212
     0.21119
    0.187337
    0.166508
     0.14787
    0.130834
    0.114988
    0.100043
    0.085799
   0.0721166
   0.0589008
   0.0460876
   0.0336348
   0.0215165
  0.00971746
 -0.00176944
   -0.012946
  -0.0238101
  -0.0343571
  -0.0445806
  -0.0544725
  -0.0640238
  -0.0732246
  -0.0820639
  -0.0905296
  -0.0986089
   -0.106288
   -0.113551
   -0.120383
   -0.126766
   -0.132683
   -0.138118
   -0.143054
   -0.147475
   -0.151372
   -0.154738
   -0.157573
   -0.159888
   -0.161707
   -0.163068
   -0.164026
    -0.16465
   -0.165018
   -0.165209
   -0.165287
           0
   0.0213107
