   0.0494298
   0.0496109
   0.0499378
   0.0503464
   0.0507541
   0.0510719
   0.0512148
   0.0511087
    0.050694
   0.0499269
   0.0487785
   0.0472335
   0.0452887
   0.0429513
   0.0402375
   0.0371717
   0.0337853
   0.0301159
   0.0262069
   0.0221062
   0.0178662
   0.0135428
  0.00919502
  0.00488408
 0.000673229
  -0.0033729
  -0.0071886
  -0.0107074
  -0.0138618
  -0.0165833
  -0.0188018
  -0.0204442
  -0.0214327
  -0.0216825
  -0.0210977
  -0.0195662
  -0.0169516
  -0.0130822
 -0.00773496
-0.000611203
  0.00869949
   0.0207747
   0.0364456
     0.05693
   0.0840305
    0.120378
    0.169498
    0.234639
    0.313112
    0.384427
    0.415862
    0.399182
    0.356226
    0.310359
    0.270369
    0.237144
    0.209434
    0.185824
    0.165189
    0.146708
    0.129802
    0.114065
   0.0992135
   0.0850495
   0.0714368
   0.0582819
   0.0455221
   0.0331163
   0.0210392
  0.00927621
 -0.00217958
  -0.0133297
   -0.024172
  -0.0347019
  -0.0449131
  -0.0547981
  -0.0643482
  -0.0735544
  -0.0824066
   -0.090894
  -0.0990051
   -0.106728
   -0.114049
   -0.120954
    -0.12743
   -0.133461
   -0.139031
   -0.144127
   -0.148736
   -0.152844
   -0.156447
    -0.15954
   -0.162131
   -0.164234
   -0.165879
   -0.167108
   -0.167974
   -0.168542
   -0.168876
   -0.169028
           0
    0.023706
