  0.0409652
  0.0410056
  0.0410632
  0.0410951
  0.0410457
  0.0408538
  0.0404594
  0.0398088
  0.0388574
  0.0375717
  0.0359288
  0.0339165
  0.0315326
  0.0287839
  0.0256856
  0.0222607
  0.0185388
  0.0145559
  0.0103538
 0.00597889
 0.00148226
 -0.0030814
-0.00765421
 -0.0121757
 -0.0165835
 -0.0208134
 -0.0248003
 -0.0284778
 -0.0317786
  -0.034634
 -0.0369735
 -0.0387233
 -0.0398049
 -0.0401321
 -0.0396074
  -0.038116
 -0.0355186
 -0.0316391
 -0.0262482
 -0.0190387
-0.00958707
 0.00270368
  0.0186954
  0.0396563
  0.0674747
   0.104933
   0.155829
    0.22388
    0.30702
   0.384892
   0.423358
     0.4124
   0.372968
   0.328974
   0.289938
   0.257195
   0.229715
   0.206197
   0.185571
   0.167047
   0.150061
   0.134216
   0.119235
   0.104924
  0.0911471
  0.0778135
  0.0648609
  0.0522487
  0.0399519
   0.027956
   0.016254
 0.00484422
-0.00627156
 -0.0170891
 -0.0276027
 -0.0378052
 -0.0476888
 -0.0572448
 -0.0664637
 -0.0753353
 -0.0838485
 -0.0919913
 -0.0997509
  -0.107113
  -0.114064
  -0.120588
   -0.12667
  -0.132294
  -0.137447
  -0.142117
  -0.146294
  -0.149972
  -0.153153
  -0.155843
  -0.158059
  -0.159823
  -0.161168
   -0.16213
  -0.162745
  -0.163045
          0
  0.0216599
