   0.0369234
   0.0367294
   0.0363379
   0.0357414
   0.0349288
   0.0338855
   0.0325946
   0.0310385
   0.0292001
    0.027065
   0.0246231
   0.0218692
   0.0188043
   0.0154355
   0.0117767
  0.00784806
  0.00367602
-0.000707086
  -0.0052634
 -0.00995009
  -0.0147198
  -0.0195212
  -0.0242997
  -0.0289978
  -0.0335558
  -0.0379121
  -0.0420037
  -0.0457661
  -0.0491338
  -0.0520396
   -0.054414
  -0.0561843
  -0.0572724
  -0.0575924
  -0.0570467
    -0.05552
  -0.0528715
   -0.048923
   -0.043442
  -0.0361154
  -0.0265116
  -0.0140196
  0.00224454
    0.023587
   0.0519623
   0.0902733
    0.142542
    0.212886
     0.29981
    0.383184
    0.427773
    0.422018
    0.385959
    0.343881
    0.305916
    0.273789
    0.246679
    0.223392
    0.202914
    0.184486
    0.167561
    0.151754
    0.136793
    0.122486
    0.108703
   0.0953517
   0.0823713
   0.0697213
   0.0573764
   0.0453214
   0.0335487
   0.0220554
    0.010842
-8.88199e-05
  -0.0107331
  -0.0210857
  -0.0311409
  -0.0408925
  -0.0503335
  -0.0594566
  -0.0682536
  -0.0767154
  -0.0848325
  -0.0925942
  -0.0999892
   -0.107006
   -0.113631
   -0.119852
   -0.125656
   -0.131032
   -0.135967
    -0.14045
   -0.144473
   -0.148024
   -0.151097
   -0.153681
   -0.155767
   -0.157344
   -0.158403
   -0.158935
           0
   0.0214757
