  0.0303637
  0.0299417
  0.0291139
  0.0279093
   0.026362
  0.0245054
  0.0223661
  0.0199631
   0.017307
   0.014403
  0.0112533
 0.00785982
 0.00422633
 0.00036008
-0.00372705
-0.00801798
 -0.0124901
 -0.0171154
 -0.0218603
 -0.0266864
 -0.0315507
  -0.036406
 -0.0412014
 -0.0458833
 -0.0503954
 -0.0546792
 -0.0586745
 -0.0623198
 -0.0655517
 -0.0683053
 -0.0705128
 -0.0721031
 -0.0729994
 -0.0731167
 -0.0723576
 -0.0706068
 -0.0677227
 -0.0635253
 -0.0577787
 -0.0501648
 -0.0402432
 -0.0273895
 -0.0106977
   0.011175
  0.0402456
  0.0795271
   0.133238
   0.205826
   0.296225
   0.384346
   0.433904
   0.432094
   0.398398
   0.357551
   0.320212
   0.288418
   0.261501
    0.23834
   0.217955
   0.199606
   0.182757
   0.167025
   0.152141
   0.137916
   0.124216
   0.110951
  0.0980577
  0.0854954
  0.0732369
  0.0612654
  0.0495712
  0.0381494
  0.0269981
  0.0161174
  0.0055086
-0.00482631
 -0.0148848
 -0.0246638
 -0.0341602
 -0.0433702
 -0.0522895
 -0.0609133
 -0.0692358
 -0.0772507
 -0.0849509
 -0.0923283
 -0.0993741
  -0.106079
  -0.112432
  -0.118421
  -0.124034
  -0.129255
  -0.134063
  -0.138433
  -0.142331
  -0.145714
  -0.148529
  -0.150717
  -0.152217
  -0.152982
          0
  0.0207902
