   0.0213158
   0.0206848
   0.0194584
   0.0176998
   0.0154866
   0.0128975
   0.0100013
  0.00685175
  0.00348634
-7.08408e-05
 -0.00380549
 -0.00770894
  -0.0117746
  -0.0159953
  -0.0203612
  -0.0248585
  -0.0294688
  -0.0341683
  -0.0389286
   -0.043716
  -0.0484921
  -0.0532144
  -0.0578367
  -0.0623093
  -0.0665801
  -0.0705944
  -0.0742956
  -0.0776253
  -0.0805233
  -0.0829273
  -0.0847723
  -0.0859892
   -0.086503
  -0.0862302
  -0.0850745
   -0.082921
  -0.0796277
  -0.0750133
  -0.0688392
  -0.0607824
  -0.0503947
  -0.0370389
  -0.0197882
  0.00273345
    0.032599
   0.0729163
    0.128064
    0.202742
    0.296154
    0.388091
    0.441304
     0.44208
    0.409704
    0.369395
    0.332247
    0.300516
    0.273626
    0.250494
    0.230158
    0.211881
    0.195128
    0.179516
    0.164774
    0.150709
    0.137188
    0.124116
     0.11143
   0.0990839
   0.0870494
   0.0753067
   0.0638432
   0.0526507
   0.0417242
   0.0310601
   0.0206561
   0.0105103
 0.000621132
 -0.00901268
  -0.0183923
  -0.0275186
  -0.0363919
  -0.0450123
  -0.0533789
  -0.0614903
  -0.0693442
  -0.0769371
  -0.0842647
   -0.091321
  -0.0980982
   -0.104586
   -0.110769
   -0.116627
   -0.122131
   -0.127237
   -0.131889
    -0.13601
   -0.139504
   -0.142262
   -0.144178
   -0.145162
           0
   0.0196429
