  0.00988581
  0.00907755
  0.00751332
  0.00528653
  0.00251313
-0.000687948
 -0.00421035
 -0.00796879
  -0.0119011
  -0.0159656
  -0.0201365
  -0.0243984
  -0.0287418
  -0.0331595
  -0.0376434
  -0.0421829
  -0.0467635
  -0.0513663
  -0.0559676
  -0.0605387
  -0.0650463
  -0.0694529
  -0.0737172
  -0.0777942
  -0.0816361
  -0.0851928
  -0.0884117
  -0.0912382
  -0.0936159
  -0.0954858
  -0.0967858
  -0.0974499
  -0.0974054
   -0.096571
   -0.094852
  -0.0921346
   -0.088277
  -0.0830974
  -0.0763551
   -0.067723
  -0.0567463
  -0.0427767
  -0.0248696
 -0.00162037
   0.0290899
   0.0704438
    0.126938
    0.203434
    0.299251
    0.393914
    0.449358
    0.451332
    0.419248
    0.378827
    0.341474
    0.309567
    0.282565
    0.259391
    0.239076
    0.220878
    0.204254
    0.188815
    0.174286
    0.160469
    0.147226
    0.134459
      0.1221
    0.110101
   0.0984295
   0.0870614
   0.0759805
   0.0651747
   0.0546348
   0.0443529
   0.0343221
    0.024536
   0.0149881
  0.00567205
  -0.0034184
  -0.0122894
  -0.0209467
  -0.0293957
  -0.0376412
  -0.0456869
   -0.053536
    -0.06119
  -0.0686492
  -0.0759114
  -0.0829716
  -0.0898205
   -0.096442
   -0.102811
   -0.108887
   -0.114614
   -0.119911
   -0.124668
   -0.128751
   -0.132008
   -0.134287
   -0.135462
           0
   0.0180734
