-0.00368994
-0.00463553
-0.00646097
-0.00904853
 -0.0122512
  -0.015917
 -0.0199082
 -0.0241126
 -0.0284468
 -0.0328531
 -0.0372951
  -0.041751
 -0.0462081
 -0.0506587
 -0.0550962
 -0.0595127
 -0.0638975
 -0.0682362
 -0.0725097
 -0.0766945
 -0.0807625
 -0.0846813
 -0.0884147
 -0.0919229
  -0.095163
 -0.0980894
  -0.100654
  -0.102807
  -0.104497
  -0.105667
  -0.106259
  -0.106212
  -0.105454
  -0.103909
  -0.101483
 -0.0980639
 -0.0935117
 -0.0876445
 -0.0802205
 -0.0709101
 -0.0592533
 -0.0445934
  -0.025972
-0.00196326
  0.0295852
  0.0719061
   0.129566
   0.207493
    0.30497
    0.40115
   0.457353
   0.459164
   0.426424
   0.385314
   0.347425
   0.315154
   0.287941
   0.264681
   0.244384
   0.226289
    0.20984
    0.19464
   0.180402
   0.166925
   0.154064
   0.141715
   0.129806
   0.118284
   0.107112
  0.0962612
  0.0857112
  0.0754452
  0.0654487
  0.0557093
  0.0462146
   0.036953
  0.0279125
  0.0190812
   0.010447
 0.00199818
-0.00627705
 -0.0143899
 -0.0223508
 -0.0301694
 -0.0378542
  -0.045412
 -0.0528475
 -0.0601625
 -0.0673545
 -0.0744149
 -0.0813263
 -0.0880582
 -0.0945623
  -0.100766
  -0.106568
  -0.111831
  -0.116385
  -0.120043
  -0.122613
  -0.123943
          0
  0.0161182
