  -0.0190331
  -0.0200733
  -0.0220782
  -0.0249119
   -0.028404
  -0.0323775
  -0.0366702
  -0.0411485
  -0.0457111
   -0.050287
  -0.0548301
  -0.0593127
  -0.0637189
  -0.0680401
  -0.0722707
  -0.0764051
  -0.0804362
  -0.0843533
  -0.0881422
  -0.0917842
  -0.0952564
  -0.0985318
   -0.101579
   -0.104364
   -0.106849
   -0.108994
   -0.110755
   -0.112087
   -0.112943
   -0.113271
   -0.113019
   -0.112127
   -0.110528
   -0.108149
     -0.1049
    -0.10067
   -0.095322
  -0.0886749
  -0.0804872
  -0.0704284
  -0.0580357
  -0.0426473
  -0.0232966
  0.00145492
   0.0337775
   0.0769259
    0.135483
    0.214351
    0.312633
    0.409044
     0.46454
    0.464921
    0.430691
    0.388423
    0.349745
    0.316984
    0.289507
    0.266153
    0.245895
    0.227947
    0.211736
    0.196848
    0.182989
    0.169948
    0.157574
    0.145756
    0.134416
    0.123497
    0.112956
    0.102759
   0.0928811
   0.0832992
   0.0739941
   0.0649474
   0.0561414
   0.0475585
   0.0391809
   0.0309906
   0.0229695
   0.0150997
  0.00736323
-0.000257072
 -0.00777774
  -0.0152142
  -0.0225803
  -0.0298879
  -0.0371462
  -0.0443603
    -0.05153
  -0.0586472
  -0.0656925
  -0.0726307
  -0.0794046
  -0.0859286
  -0.0920815
  -0.0977034
   -0.102598
   -0.106544
   -0.109327
   -0.110768
           0
   0.0138116
