 -0.0356536
 -0.0367482
  -0.038855
 -0.0418256
 -0.0454735
 -0.0496036
  -0.054036
 -0.0586208
 -0.0632432
 -0.0678214
 -0.0723012
 -0.0766496
 -0.0808478
 -0.0848863
   -0.08876
 -0.0924655
 -0.0959983
 -0.0993519
  -0.102516
  -0.105477
  -0.108217
  -0.110714
  -0.112942
  -0.114873
  -0.116474
   -0.11771
  -0.118543
  -0.118934
  -0.118838
  -0.118212
  -0.117006
  -0.115164
  -0.112626
   -0.10932
  -0.105161
  -0.100043
 -0.0938289
 -0.0863416
 -0.0773413
 -0.0664982
 -0.0533498
 -0.0372332
 -0.0171801
 0.00825053
  0.0412293
  0.0850025
   0.144115
   0.223348
   0.321502
   0.416831
   0.470218
   0.468033
   0.431626
    0.38785
   0.348222
    0.31491
   0.287161
   0.263739
   0.243568
    0.22583
   0.209929
   0.195437
   0.182048
    0.16954
   0.157756
   0.146578
   0.135922
   0.125725
   0.115937
   0.106521
  0.0974432
  0.0886773
  0.0801976
  0.0719798
  0.0640004
  0.0562354
   0.048661
  0.0412529
  0.0339867
  0.0268382
  0.0197832
  0.0127984
 0.00586135
-0.00104909
-0.00795209
 -0.0148643
 -0.0217989
 -0.0287642
 -0.0357618
 -0.0427836
 -0.0498083
 -0.0567958
 -0.0636811
 -0.0703668
 -0.0767162
 -0.0825504
 -0.0876513
 -0.0917774
 -0.0946923
 -0.0962039
          0
  0.0111895
