  -0.0529964
  -0.0541103
  -0.0562512
  -0.0592628
  -0.0629477
   -0.067099
  -0.0715248
   -0.076064
  -0.0805919
  -0.0850186
   -0.089284
  -0.0933508
   -0.097198
   -0.100815
   -0.104198
   -0.107344
   -0.110252
   -0.112919
   -0.115339
   -0.117502
   -0.119396
   -0.121004
   -0.122306
   -0.123277
   -0.123892
    -0.12412
    -0.12393
   -0.123287
   -0.122153
   -0.120489
   -0.118249
   -0.115384
   -0.111839
   -0.107545
   -0.102422
  -0.0963677
    -0.08925
  -0.0808945
  -0.0710649
   -0.059435
  -0.0455452
  -0.0287365
 -0.00804581
    0.017959
   0.0514303
   0.0955742
    0.154843
    0.233806
    0.330859
    0.423814
    0.473791
    0.468068
    0.428954
    0.383439
    0.342788
    0.308924
     0.28094
    0.257507
    0.237491
    0.220039
     0.20453
    0.190521
    0.177693
    0.165814
    0.154718
    0.144282
    0.134415
    0.125045
    0.116121
    0.107595
   0.0994323
   0.0915975
   0.0840599
   0.0767891
   0.0697552
   0.0629283
   0.0562782
   0.0497743
   0.0433859
   0.0370824
   0.0308335
     0.02461
   0.0183835
   0.0121274
  0.00581758
-0.000567196
 -0.00704376
  -0.0136232
  -0.0203085
  -0.0270918
  -0.0339495
  -0.0408375
  -0.0476839
  -0.0543814
  -0.0607814
  -0.0666905
  -0.0718753
  -0.0760795
   -0.079054
  -0.0805979
           0
  0.00829332
