 -0.0704941
 -0.0715981
 -0.0737165
 -0.0766881
 -0.0803091
 -0.0843655
 -0.0886581
 -0.0930188
 -0.0973166
  -0.101456
  -0.105374
   -0.10903
  -0.112401
  -0.115476
  -0.118252
  -0.120728
  -0.122906
  -0.124786
  -0.126365
  -0.127638
  -0.128597
  -0.129231
  -0.129524
  -0.129459
  -0.129014
  -0.128165
  -0.126885
  -0.125147
  -0.122917
  -0.120161
   -0.11684
   -0.11291
   -0.10832
  -0.103008
 -0.0968968
 -0.0898901
 -0.0818608
 -0.0726391
 -0.0619939
 -0.0496044
 -0.0350178
 -0.0175838
 0.00364837
  0.0300898
  0.0638558
    0.10808
   0.167069
   0.245102
   0.340079
   0.429424
   0.474826
    0.46476
    0.42256
   0.375189
   0.333515
   0.299151
   0.271004
   0.247639
   0.227861
   0.210778
   0.195748
   0.182307
   0.170126
   0.158964
   0.148645
    0.13904
   0.130051
   0.121601
   0.113631
   0.106091
  0.0989358
  0.0921268
  0.0856265
  0.0793987
  0.0734073
  0.0676162
   0.061989
  0.0564888
  0.0510789
  0.0457225
  0.0403834
  0.0350265
   0.029618
  0.0241261
  0.0185219
  0.0127801
 0.00688045
0.000809405
-0.00543746
 -0.0118521
 -0.0184095
  -0.025062
 -0.0317321
 -0.0383055
 -0.0446243
 -0.0504852
 -0.0556449
 -0.0598382
 -0.0628091
 -0.0643522
          0
 0.00517387
