   0.839945
  -0.484329
  -0.603389
  -0.635467
  -0.640711
  -0.635988
  -0.627286
  -0.617226
  -0.607013
  -0.597198
  -0.588004
  -0.579496
  -0.571659
  -0.564444
  -0.557787
  -0.551622
  -0.545885
  -0.540514
  -0.535454
  -0.530649
  -0.526048
  -0.521597
  -0.517244
  -0.512933
  -0.508605
  -0.504197
  -0.499639
  -0.494854
  -0.489759
  -0.484258
  -0.478247
  -0.471605
  -0.464198
  -0.455866
  -0.446426
  -0.435655
   -0.42328
  -0.408957
  -0.392245
  -0.372553
  -0.349075
  -0.320676
  -0.285714
  -0.241735
  -0.184984
  -0.109587
-0.00636914
   0.138072
   0.337979
   0.587518
   0.827924
   0.983681
    1.02249
   0.993223
   0.943663
    0.89388
   0.849541
   0.811297
   0.778385
   0.749801
   0.724642
   0.702172
   0.681814
   0.663122
   0.645754
   0.629447
   0.614001
   0.599258
   0.585099
   0.571429
   0.558172
   0.545266
   0.532659
   0.520303
   0.508154
   0.496168
     0.4843
   0.472504
   0.460726
   0.448912
      0.437
   0.424919
   0.412594
   0.399939
    0.38686
   0.373251
   0.358993
   0.343955
   0.327992
   0.310945
   0.292648
   0.272935
   0.251666
   0.228776
   0.204372
   0.178925
   0.153698
   0.131705
   0.121134
   0.139232
   0.035869
  -0.875814
