   0.816801
  -0.369242
  -0.497807
  -0.547215
  -0.569398
  -0.578896
   -0.58144
  -0.579955
   -0.57611
  -0.570912
  -0.564984
  -0.558712
  -0.552336
  -0.546002
  -0.539798
  -0.533775
  -0.527956
   -0.52235
  -0.516954
  -0.511756
  -0.506737
  -0.501873
  -0.497131
  -0.492474
  -0.487859
  -0.483234
  -0.478541
  -0.473711
  -0.468669
  -0.463325
  -0.457581
   -0.45132
  -0.444412
    -0.4367
  -0.428004
  -0.418102
  -0.406724
  -0.393531
  -0.378081
  -0.359791
  -0.337864
  -0.311176
  -0.278105
  -0.236227
  -0.181833
  -0.109115
-0.00898513
   0.131888
   0.327847
   0.573779
   0.812411
   0.969013
    1.01075
   0.985039
   0.938832
   0.892018
   0.850295
   0.814376
   0.783553
   0.756862
   0.733425
   0.712524
   0.693594
   0.676196
   0.659995
   0.644731
   0.630205
   0.616264
   0.602791
   0.589693
     0.5769
   0.564354
   0.552009
   0.539824
   0.527765
   0.515797
    0.50389
   0.492009
   0.480123
   0.468197
   0.456194
   0.444078
   0.431813
    0.41936
   0.406686
   0.393756
   0.380541
   0.367018
   0.353164
   0.338963
   0.324394
    0.30942
   0.293971
   0.277914
   0.261028
   0.242982
   0.223393
   0.201988
   0.179352
   0.151072
  -0.255706
  -0.561095
