 0.308647
-0.297405
-0.330019
-0.340465
-0.345399
-0.347787
-0.348586
-0.348229
-0.346974
-0.345009
 -0.34249
-0.339555
 -0.33633
-0.332929
 -0.32946
 -0.32602
-0.322698
-0.319575
-0.316725
-0.314214
  -0.3121
-0.310435
-0.309263
-0.308622
-0.308541
-0.309042
 -0.31014
-0.311843
-0.314149
 -0.31705
-0.320526
-0.324552
-0.329092
-0.334102
-0.339526
-0.345296
-0.351331
 -0.35753
-0.363765
-0.369868
-0.375609
-0.380652
-0.384486
-0.386283
-0.384632
-0.377004
-0.358672
-0.320678
 -0.24726
-0.119661
0.0572306
 0.235377
  0.36622
 0.445791
 0.492922
 0.522603
 0.542964
 0.558084
 0.570015
 0.579815
 0.588045
 0.595007
 0.600869
 0.605724
 0.609628
 0.612619
 0.614724
 0.615969
 0.616381
  0.61599
 0.614827
 0.612927
 0.610328
 0.607067
 0.603186
 0.598724
  0.59372
 0.588214
  0.58224
 0.575835
 0.569029
 0.561854
 0.554336
   0.5465
 0.538368
  0.52996
 0.521291
 0.512375
  0.50322
 0.493828
 0.484191
 0.474288
 0.464074
 0.453461
 0.442293
 0.430269
 0.416776
 0.400389
  0.37677
 0.324893
-0.362659
0.0540126
