  0.359178
 -0.267699
 -0.317262
 -0.342918
 -0.362329
 -0.378842
 -0.393698
 -0.407495
 -0.420566
 -0.433106
  -0.44523
 -0.457008
 -0.468479
 -0.479664
 -0.490571
 -0.501198
 -0.511542
 -0.521592
 -0.531337
  -0.54076
 -0.549847
 -0.558577
  -0.56693
 -0.574884
 -0.582415
 -0.589497
 -0.596104
 -0.602209
 -0.607786
 -0.612809
 -0.617257
  -0.62111
 -0.624353
  -0.62698
 -0.628989
  -0.63039
 -0.631199
 -0.631443
 -0.631159
 -0.630385
 -0.629155
 -0.627476
 -0.625288
  -0.62237
  -0.61814
 -0.611195
 -0.598259
 -0.571808
 -0.515827
 -0.405195
 -0.232255
-0.0419065
  0.111927
   0.21253
  0.273245
  0.309519
  0.331317
  0.344367
  0.351958
  0.356032
   0.35779
  0.358005
  0.357196
  0.355732
  0.353878
  0.351839
  0.349774
  0.347811
  0.346052
  0.344585
   0.34348
  0.342793
  0.342571
  0.342847
  0.343647
  0.344984
  0.346864
  0.349283
  0.352228
  0.355678
  0.359601
  0.363959
  0.368702
  0.373773
  0.379101
  0.384606
  0.390193
  0.395751
   0.40115
  0.406238
   0.41083
    0.4147
  0.417566
  0.419061
  0.418689
  0.415718
  0.408943
  0.395983
   0.37044
  0.304997
 -0.478655
  0.119477
