 0.362934
-0.242595
-0.291879
-0.318567
-0.339226
-0.356893
-0.372777
-0.387491
-0.401396
-0.414709
-0.427568
-0.440056
-0.452224
-0.464102
-0.475703
-0.487035
-0.498095
 -0.50888
-0.519381
-0.529588
-0.539489
-0.549069
-0.558313
-0.567203
-0.575722
-0.583849
-0.591566
-0.598851
-0.605687
-0.612056
-0.617945
-0.623345
-0.628255
 -0.63268
-0.636636
-0.640152
-0.643272
-0.646056
-0.648582
-0.650946
-0.653259
-0.655634
-0.658157
-0.660814
-0.663313
-0.664649
-0.662036
-0.648324
-0.606877
-0.508737
-0.339131
-0.140691
0.0290944
 0.146278
 0.220867
 0.268098
  0.29854
 0.318532
 0.331819
 0.340667
 0.346503
 0.350255
 0.352558
 0.353859
 0.354487
 0.354688
 0.354657
  0.35455
 0.354491
 0.354585
 0.354918
 0.355558
 0.356563
 0.357979
 0.359837
 0.362161
 0.364965
 0.368251
 0.372012
 0.376234
 0.380892
  0.38595
 0.391363
 0.397077
 0.403023
 0.409119
 0.415269
 0.421356
 0.427239
 0.432748
  0.43767
 0.441741
 0.444618
 0.445845
 0.444796
 0.440543
 0.431568
 0.414918
 0.382834
 0.303782
-0.549548
 0.186615
