  0.349652
 -0.165952
 -0.206453
 -0.232137
 -0.253747
 -0.272504
 -0.289209
 -0.304414
 -0.318521
 -0.331818
 -0.344507
 -0.356733
 -0.368599
 -0.380181
 -0.391534
 -0.402705
 -0.413731
 -0.424643
 -0.435471
 -0.446241
 -0.456979
 -0.467708
 -0.478451
 -0.489229
 -0.500062
 -0.510969
 -0.521969
 -0.533079
 -0.544319
  -0.55571
 -0.567277
 -0.579052
 -0.591074
 -0.603394
 -0.616082
 -0.629227
 -0.642949
 -0.657404
 -0.672797
 -0.689395
 -0.707539
 -0.727665
 -0.750309
 -0.776092
 -0.805607
 -0.839038
 -0.874969
 -0.906975
 -0.915285
 -0.856406
 -0.690661
  -0.45475
 -0.221247
-0.0398476
 0.0884828
  0.178756
  0.243884
   0.29241
  0.329699
  0.359137
  0.382915
  0.402489
  0.418861
   0.43274
  0.444644
  0.454961
  0.463993
  0.471979
  0.479113
  0.485557
  0.491447
  0.496899
  0.502015
   0.50688
  0.511568
  0.516141
  0.520653
  0.525144
  0.529648
  0.534186
  0.538773
  0.543411
  0.548093
    0.5528
    0.5575
  0.562147
  0.566674
  0.570993
  0.574981
  0.578473
  0.581239
  0.582961
  0.583183
  0.581245
  0.576158
  0.566379
  0.549294
  0.519824
  0.464988
  0.336835
 -0.803621
  0.453969
