  0.328842
 -0.169027
 -0.205107
 -0.228448
 -0.248502
 -0.266057
 -0.281738
 -0.296011
 -0.309235
 -0.321674
 -0.333518
 -0.344908
 -0.355946
  -0.36671
  -0.37726
 -0.387647
 -0.397914
   -0.4081
 -0.418241
 -0.428371
 -0.438522
 -0.448724
 -0.459008
 -0.469399
 -0.479925
 -0.490609
 -0.501477
  -0.51255
 -0.523852
 -0.535409
 -0.547248
 -0.559403
 -0.571915
 -0.584838
 -0.598239
 -0.612209
 -0.626867
 -0.642368
 -0.658917
 -0.676779
 -0.696296
 -0.717905
 -0.742148
 -0.769651
 -0.801019
 -0.836452
 -0.874546
 -0.908854
 -0.919441
 -0.862276
 -0.696801
 -0.459445
 -0.223372
-0.0391881
 0.0917259
  0.184321
  0.251544
  0.301979
  0.341021
  0.372076
  0.397346
  0.418296
  0.435929
  0.450956
  0.463894
  0.475132
   0.48497
  0.493646
  0.501354
  0.508258
  0.514493
  0.520178
  0.525416
  0.530294
  0.534891
  0.539272
  0.543494
  0.547604
  0.551639
  0.555628
  0.559591
  0.563536
  0.567466
  0.571369
  0.575224
  0.578994
  0.582628
   0.58605
  0.589157
  0.591804
  0.593789
  0.594823
  0.594488
  0.592167
  0.586917
  0.577241
  0.560559
  0.531803
  0.477922
  0.350712
 -0.796473
  0.467631
