 0.372857
-0.200788
-0.249574
-0.277867
-0.300445
-0.319825
 -0.33716
-0.353104
-0.368069
-0.382325
-0.396047
-0.409349
-0.422307
 -0.43497
-0.447366
-0.459516
-0.471431
-0.483116
-0.494574
-0.505806
 -0.51681
-0.527582
-0.538119
-0.548416
-0.558465
-0.568262
-0.577798
-0.587068
-0.596068
-0.604796
-0.613255
-0.621455
-0.629412
-0.637157
-0.644731
-0.652198
-0.659641
-0.667173
-0.674941
-0.683131
-0.691979
-0.701766
-0.712816
-0.725444
-0.739821
-0.755571
-0.770654
-0.778415
-0.760926
-0.682459
-0.516239
-0.301659
 -0.10292
0.0437069
 0.142811
 0.209443
 0.255279
 0.287722
 0.311307
 0.328855
  0.34217
 0.352449
 0.360512
 0.366941
 0.372162
 0.376499
 0.380202
  0.38347
 0.386465
 0.389321
 0.392148
 0.395039
  0.39807
 0.401304
 0.404793
 0.408573
 0.412674
 0.417113
 0.421896
 0.427022
 0.432476
 0.438235
 0.444265
 0.450517
  0.45693
 0.463428
 0.469912
 0.476262
 0.482325
 0.487907
 0.492757
 0.496548
  0.49884
 0.499032
 0.496275
 0.489303
 0.476041
 0.452516
 0.408528
 0.304907
-0.678228
 0.305371
