   0.3595
-0.294382
-0.344734
-0.369462
-0.387592
-0.402854
-0.416552
-0.429281
-0.441354
-0.452946
-0.464159
-0.475047
-0.485642
-0.495956
-0.505991
-0.515743
-0.525202
-0.534355
-0.543185
-0.551675
-0.559805
 -0.56755
-0.574887
-0.581787
-0.588223
-0.594162
-0.599572
-0.604419
-0.608671
-0.612292
-0.615252
-0.617519
-0.619068
-0.619874
 -0.61992
-0.619191
-0.617677
-0.615367
-0.612251
-0.608304
-0.603476
-0.597658
-0.590629
-0.581939
-0.570687
-0.555029
-0.531132
-0.491013
-0.419218
-0.294599
-0.117101
0.0656938
  0.20336
 0.286862
 0.333196
  0.35811
 0.370965
 0.376862
 0.378607
 0.377801
 0.375407
 0.372027
 0.368065
 0.363797
 0.359427
  0.35511
 0.350967
 0.347096
 0.343578
 0.340479
 0.337854
 0.335746
 0.334189
 0.333207
 0.332815
 0.333018
 0.333816
 0.335195
 0.337138
 0.339617
 0.342597
 0.346033
 0.349875
  0.35406
 0.358519
 0.363173
 0.367929
 0.372685
 0.377322
 0.381707
 0.385683
 0.389067
 0.391638
 0.393121
 0.393149
 0.391192
 0.386367
 0.376881
 0.357736
 0.305919
-0.408094
0.0485945
