  0.372274
 -0.174262
 -0.220658
 -0.248911
 -0.271994
  -0.29186
  -0.30955
 -0.325712
 -0.340782
 -0.355056
 -0.368738
 -0.381965
 -0.394832
 -0.407404
 -0.419726
  -0.43183
 -0.443741
 -0.455478
 -0.467056
 -0.478488
 -0.489784
 -0.500956
 -0.512011
 -0.522959
 -0.533804
 -0.544555
 -0.555217
 -0.565797
 -0.576305
 -0.586751
 -0.597151
 -0.607528
 -0.617914
 -0.628352
 -0.638904
 -0.649651
 -0.660704
 -0.672206
 -0.684347
 -0.697369
 -0.711585
 -0.727383
 -0.745235
 -0.765667
 -0.789141
 -0.815669
 -0.843652
 -0.866638
 -0.865577
 -0.799773
 -0.634097
  -0.40615
 -0.185418
-0.0168458
  0.100545
  0.181793
  0.239395
  0.281514
  0.313238
  0.337767
  0.357167
   0.37281
  0.385642
  0.396334
  0.405375
  0.413137
  0.419905
  0.425907
  0.431328
  0.436321
  0.441015
  0.445517
  0.449918
  0.454297
  0.458716
  0.463228
  0.467874
  0.472685
  0.477682
  0.482874
  0.488261
  0.493833
  0.499567
  0.505427
  0.511367
  0.517319
  0.523197
  0.528888
  0.534247
  0.539079
  0.543128
  0.546044
  0.547346
  0.546359
  0.542101
  0.533084
  0.516844
  0.488655
  0.436489
   0.31541
 -0.769139
  0.396865
