  0.368249
 -0.220045
  -0.26918
 -0.296805
 -0.318555
 -0.337202
 -0.353927
 -0.369369
 -0.383913
 -0.397805
 -0.411202
 -0.424203
 -0.436872
 -0.449246
 -0.461349
 -0.473193
 -0.484783
 -0.496118
 -0.507197
 -0.518013
  -0.52856
 -0.538828
 -0.548808
 -0.558488
 -0.567855
 -0.576896
 -0.585599
  -0.59395
 -0.601938
 -0.609554
 -0.616793
 -0.623656
 -0.630151
 -0.636297
 -0.642124
  -0.64768
  -0.65303
 -0.658264
 -0.663496
 -0.668873
 -0.674572
 -0.680799
 -0.687769
 -0.695648
 -0.704395
 -0.713351
 -0.720141
 -0.717906
 -0.689359
 -0.601969
 -0.434544
 -0.227885
-0.0429556
 0.0897241
   0.17723
  0.234671
  0.273196
  0.299707
   0.31837
  0.331747
  0.341465
    0.3486
  0.353883
  0.357836
  0.360839
  0.363182
  0.365088
  0.366737
  0.368273
  0.369818
   0.37147
   0.37331
  0.375406
  0.377813
  0.380572
  0.383715
  0.387262
  0.391224
    0.3956
  0.400382
  0.405551
  0.411076
  0.416918
  0.423024
   0.42933
  0.435755
    0.4422
  0.448545
  0.454643
  0.460307
  0.465304
  0.469332
  0.471995
  0.472759
  0.470877
   0.46524
  0.454037
  0.433777
  0.395424
   0.30345
 -0.617168
  0.248919
