  0.374758
 -0.185386
 -0.233337
 -0.261882
 -0.284931
 -0.304735
 -0.322403
 -0.338596
 -0.353743
  -0.36813
 -0.381949
  -0.39533
 -0.408356
 -0.421086
 -0.433557
 -0.445796
  -0.45782
 -0.469641
 -0.481268
 -0.492708
 -0.503964
 -0.515041
  -0.52594
 -0.536663
 -0.547209
  -0.55758
 -0.567774
 -0.577793
 -0.587639
 -0.597317
 -0.606837
 -0.616215
 -0.625478
 -0.634662
 -0.643821
 -0.653028
 -0.662382
 -0.672015
 -0.682097
 -0.692849
 -0.704549
  -0.71754
 -0.732231
 -0.749058
 -0.768359
 -0.789981
  -0.81214
 -0.828312
 -0.819971
  -0.74865
 -0.582915
 -0.361118
 -0.150335
0.00833587
  0.117458
  0.192067
  0.244293
  0.281963
  0.309923
  0.331205
  0.347762
  0.360891
  0.371481
  0.380166
  0.387409
   0.39356
  0.398889
  0.403614
  0.407908
  0.411916
   0.41576
  0.419539
   0.42334
  0.427231
  0.431272
  0.435507
  0.439972
  0.444691
  0.449677
  0.454935
  0.460457
  0.466227
  0.472214
  0.478378
  0.484662
  0.490994
  0.497281
  0.503405
  0.509212
  0.514506
  0.519028
  0.522434
  0.524256
  0.523845
  0.520271
   0.51214
  0.497156
   0.47093
  0.422252
  0.308778
 -0.729753
  0.354995
