  0.364141
  -0.16772
 -0.211665
 -0.238983
 -0.261599
 -0.281125
 -0.298499
 -0.314335
 -0.329059
  -0.34297
 -0.356274
 -0.369116
 -0.381594
 -0.393782
 -0.405729
 -0.417476
 -0.429053
 -0.440485
 -0.451794
 -0.463002
 -0.474124
 -0.485179
 -0.496182
 -0.507147
 -0.518088
 -0.529018
 -0.539949
 -0.550895
 -0.561869
 -0.572888
 -0.583974
 -0.595153
 -0.606463
 -0.617951
 -0.629685
  -0.64175
 -0.654265
 -0.667381
 -0.681298
 -0.696276
 -0.712646
 -0.730828
 -0.751337
 -0.774758
 -0.801639
 -0.832101
 -0.864665
  -0.89291
 -0.897362
 -0.835644
 -0.669885
 -0.437159
 -0.208802
-0.0326242
 0.0911867
  0.177668
  0.239581
  0.285328
   0.32017
  0.347425
  0.369238
  0.387036
  0.401802
   0.41423
   0.42483
  0.433985
   0.44199
  0.449081
  0.455451
  0.461257
  0.466632
  0.471691
  0.476529
   0.48123
  0.485861
  0.490482
  0.495139
  0.499869
  0.504699
  0.509645
  0.514713
    0.5199
  0.525191
  0.530558
  0.535961
  0.541343
  0.546626
  0.551708
  0.556452
  0.560677
  0.564134
  0.566483
  0.567248
  0.565749
  0.560984
  0.551413
  0.534463
  0.505175
  0.450917
  0.324854
 -0.794265
  0.430124
