  0.251964
 -0.293786
  -0.31538
 -0.321302
 -0.324276
  -0.32597
 -0.326814
 -0.326965
 -0.326519
 -0.325559
 -0.324173
 -0.322453
 -0.320492
 -0.318384
 -0.316219
 -0.314086
 -0.312068
 -0.310242
  -0.30868
  -0.30745
  -0.30661
 -0.306216
 -0.306315
 -0.306947
 -0.308149
 -0.309949
 -0.312366
 -0.315416
 -0.319105
 -0.323433
 -0.328393
  -0.33397
 -0.340144
 -0.346885
  -0.35416
 -0.361926
 -0.370133
 -0.378721
 -0.387615
 -0.396717
  -0.40589
 -0.414925
 -0.423489
 -0.431002
 -0.436405
 -0.437657
 -0.430655
 -0.406986
 -0.350394
 -0.238038
-0.0667724
  0.118409
  0.265521
  0.362527
  0.424326
  0.465532
  0.494893
  0.517143
   0.53484
  0.549404
  0.561651
  0.572062
  0.580936
  0.588459
  0.594759
  0.599925
  0.604027
  0.607122
  0.609262
  0.610498
  0.610877
   0.61045
  0.609263
  0.607367
  0.604809
  0.601637
  0.597897
  0.593631
  0.588882
  0.583688
  0.578085
  0.572104
  0.565777
  0.559129
  0.552185
  0.544965
  0.537488
  0.529767
  0.521812
  0.513628
  0.505208
  0.496533
  0.487558
  0.478197
  0.468286
  0.457501
  0.445169
  0.429674
  0.406008
  0.350859
  -0.38014
  0.128176
