 0.503808
-0.398372
-0.474472
-0.504414
-0.521027
-0.532247
-0.540769
-0.547774
-0.553847
-0.559304
-0.564318
-0.568989
-0.573374
  -0.5775
-0.581381
-0.585019
-0.588406
-0.591531
-0.594377
-0.596923
-0.599141
-0.601003
-0.602472
-0.603509
 -0.60407
-0.604104
-0.603556
-0.602367
-0.600472
-0.597799
-0.594274
-0.589814
 -0.58433
-0.577723
-0.569879
 -0.56067
-0.549937
-0.537485
-0.523057
-0.506309
-0.486759
-0.463707
-0.436108
-0.402353
-0.359879
-0.304511
-0.229354
-0.123443
0.0274283
 0.227358
 0.440346
 0.602428
 0.675539
 0.686326
 0.670402
 0.646042
 0.620334
 0.595687
 0.572762
 0.551605
 0.532071
 0.513977
 0.497151
 0.481454
 0.466775
  0.45303
 0.440158
 0.428113
 0.416861
 0.406376
 0.396638
 0.387626
 0.379323
 0.371708
 0.364758
 0.358446
  0.35274
 0.347607
 0.343004
 0.338889
  0.33521
 0.331915
 0.328944
 0.326235
 0.323722
 0.321337
 0.319008
  0.31666
  0.31422
 0.311612
 0.308766
 0.305614
 0.302097
 0.298174
  0.29383
 0.289104
 0.284122
 0.279142
  0.27455
  0.26382
-0.197279
 -0.30653
