  0.563151
 -0.402549
 -0.488953
 -0.522903
 -0.541072
 -0.552643
 -0.560831
 -0.567086
 -0.572152
 -0.576437
  -0.58018
  -0.58352
 -0.586541
 -0.589293
 -0.591801
 -0.594078
 -0.596126
 -0.597939
 -0.599504
 -0.600803
 -0.601814
 -0.602507
  -0.60285
 -0.602801
 -0.602317
 -0.601347
 -0.599834
 -0.597715
 -0.594923
 -0.591382
  -0.58701
 -0.581719
 -0.575407
 -0.567966
 -0.559267
 -0.549162
 -0.537469
 -0.523964
  -0.50835
 -0.490234
 -0.469064
 -0.444048
 -0.414013
 -0.377166
 -0.330684
 -0.270013
 -0.187747
-0.0723596
 0.0904158
  0.302528
   0.52282
  0.684399
  0.750274
  0.752083
  0.728305
  0.697747
  0.667262
  0.638913
  0.613074
  0.589576
  0.568119
  0.548403
  0.530177
  0.513237
  0.497426
  0.482626
  0.468746
  0.455718
  0.443493
  0.432031
  0.421299
  0.411271
  0.401921
  0.393223
   0.38515
  0.377673
  0.370758
  0.364369
  0.358464
  0.352999
  0.347925
  0.343189
  0.338735
  0.334503
  0.330429
   0.32645
  0.322496
  0.318499
  0.314388
  0.310093
  0.305542
  0.300668
  0.295403
  0.289692
  0.283498
  0.276825
  0.269777
  0.262636
  0.256079
  0.244582
 -0.201391
  -0.36176
