  0.366611
 -0.321369
 -0.373456
 -0.397592
 -0.414549
 -0.428555
 -0.441026
 -0.452579
 -0.463522
 -0.474021
 -0.484167
 -0.494007
 -0.503566
  -0.51285
 -0.521859
 -0.530584
 -0.539013
 -0.547129
 -0.554914
 -0.562347
 -0.569404
  -0.57606
 -0.582285
 -0.588048
 -0.593316
 -0.598052
 -0.602217
 -0.605772
 -0.608675
 -0.610884
 -0.612358
 -0.613055
 -0.612935
 -0.611959
 -0.610089
 -0.607288
 -0.603513
 -0.598718
  -0.59284
  -0.58579
 -0.577426
 -0.567519
 -0.555675
 -0.541206
 -0.522869
 -0.498347
 -0.463204
 -0.408922
 -0.320523
 -0.180817
0.00241333
  0.178547
  0.300451
  0.366949
  0.398901
  0.412447
  0.416369
  0.415143
  0.411087
  0.405457
  0.398971
   0.39206
  0.385001
  0.377982
   0.37114
  0.364577
  0.358377
  0.352607
  0.347323
  0.342571
   0.33839
  0.334809
  0.331849
  0.329525
  0.327842
  0.326798
  0.326383
   0.32658
  0.327363
    0.3287
  0.330552
   0.33287
    0.3356
   0.33868
  0.342038
  0.345598
  0.349272
  0.352963
  0.356567
  0.359966
  0.363032
  0.365621
  0.367569
  0.368686
  0.368729
  0.367361
  0.364009
  0.357458
  0.344098
  0.305158
 -0.341811
-0.0247995
