 0.733996
-0.380049
-0.496445
 -0.54423
-0.569317
-0.583972
-0.592825
-0.598151
-0.601215
-0.602777
-0.603316
-0.603142
-0.602459
-0.601407
-0.600078
-0.598536
-0.596822
-0.594962
-0.592969
-0.590845
-0.588585
-0.586173
-0.583586
-0.580795
 -0.57776
-0.574435
-0.570767
-0.566692
-0.562139
-0.557026
-0.551265
 -0.54475
-0.537365
-0.528977
-0.519427
-0.508529
-0.496053
 -0.48171
-0.465128
-0.445806
-0.423056
-0.395902
-0.362912
-0.321933
 -0.26962
 -0.20067
-0.106635
0.0252257
 0.209595
   0.4449
 0.680685
 0.844192
 0.899551
  0.88726
 0.851166
 0.811168
 0.773745
  0.74035
  0.71083
 0.684618
 0.661119
 0.639818
 0.620301
 0.602243
 0.585394
 0.569564
 0.554606
 0.540409
 0.526889
  0.51398
 0.501631
   0.4898
 0.478452
 0.467554
 0.457077
 0.446989
 0.437261
  0.42786
  0.41875
 0.409896
 0.401257
 0.392793
  0.38446
 0.376211
    0.368
 0.359777
  0.35149
 0.343084
   0.3345
 0.325672
 0.316522
  0.30696
  0.29687
 0.286107
 0.274487
 0.261791
 0.247785
 0.232272
 0.215342
 0.190073
-0.273821
-0.460175
