 0.411407
-0.369613
-0.429796
-0.454791
 -0.47039
-0.482318
-0.492441
-0.501546
-0.510008
-0.518023
-0.525691
-0.533067
-0.540175
-0.547024
-0.553612
 -0.55993
-0.565963
-0.571695
-0.577104
-0.582167
-0.586857
-0.591143
-0.594992
-0.598365
-0.601223
 -0.60352
-0.605208
-0.606235
-0.606546
-0.606085
-0.604789
-0.602597
-0.599442
-0.595253
-0.589953
-0.583455
-0.575658
-0.566435
-0.555624
-0.542999
-0.528241
-0.510871
-0.490153
-0.464912
-0.433213
-0.391768
-0.334872
-0.252798
 -0.13118
0.0398511
 0.237265
 0.403728
 0.497591
 0.532814
 0.538053
 0.530454
 0.517805
 0.503425
  0.48872
 0.474284
 0.460366
 0.447064
 0.434414
 0.422426
 0.411106
 0.400457
 0.390484
 0.381194
 0.372595
 0.364696
 0.357501
 0.351013
 0.345233
 0.340154
 0.335765
  0.33205
 0.328987
 0.326546
 0.324693
 0.323387
 0.322582
 0.322224
 0.322255
 0.322611
 0.323222
 0.324016
 0.324911
 0.325826
 0.326673
 0.327364
  0.32781
 0.327925
 0.327628
 0.326848
 0.325525
 0.323609
 0.321031
 0.317554
 0.312039
  0.29321
-0.238797
 -0.17261
