  0.683569
 -0.392024
 -0.499557
 -0.542927
 -0.565614
  -0.57906
 -0.587498
 -0.592954
 -0.596528
 -0.598864
 -0.600357
 -0.601256
 -0.601723
 -0.601863
 -0.601743
 -0.601408
 -0.600884
 -0.600183
  -0.59931
 -0.598257
 -0.597012
 -0.595555
 -0.593856
 -0.591883
 -0.589593
 -0.586937
 -0.583859
 -0.580295
 -0.576174
 -0.571415
 -0.565928
 -0.559614
  -0.55236
 -0.544036
 -0.534495
 -0.523557
 -0.511005
 -0.496569
 -0.479893
 -0.460504
 -0.437748
 -0.410694
 -0.377975
 -0.337523
 -0.286122
  -0.21865
 -0.126914
0.00151622
  0.181172
  0.411199
  0.643198
  0.805796
  0.863016
  0.853419
  0.819636
   0.78131
  0.745004
   0.71231
  0.683197
  0.657192
  0.633768
  0.612464
  0.592903
  0.574793
  0.557904
  0.542065
  0.527144
  0.513041
  0.499678
  0.486998
  0.474954
  0.463505
   0.45262
  0.442265
  0.432412
  0.423027
  0.414079
  0.405532
  0.397348
  0.389487
  0.381904
  0.374553
  0.367386
  0.360351
  0.353394
  0.346461
  0.339493
   0.33243
  0.325209
  0.317764
  0.310018
  0.301889
   0.29328
  0.284075
  0.274144
  0.263348
  0.251586
  0.238874
  0.225668
  0.206045
 -0.244234
 -0.439335
