  0.383198
 -0.347062
 -0.402287
 -0.426426
  -0.44248
 -0.455335
 -0.466585
 -0.476908
 -0.486631
 -0.495923
 -0.504875
 -0.513534
  -0.52192
  -0.53004
 -0.537891
 -0.545462
 -0.552739
 -0.559706
 -0.566341
 -0.572622
 -0.578523
 -0.584015
 -0.589067
 -0.593644
 -0.597707
 -0.601217
 -0.604129
 -0.606397
 -0.607973
 -0.608806
 -0.608847
 -0.608041
 -0.606336
 -0.603676
 -0.600004
 -0.595257
 -0.589364
 -0.582237
 -0.573764
 -0.563787
 -0.552074
 -0.538269
 -0.521807
 -0.501755
  -0.47652
 -0.443298
  -0.39702
 -0.328581
 -0.223367
-0.0679937
  0.121969
  0.292606
  0.399742
  0.449958
  0.468049
  0.470628
  0.465947
  0.457881
  0.448276
  0.438049
  0.427675
  0.417417
  0.407428
  0.397805
  0.388619
   0.37992
  0.371754
  0.364156
  0.357159
  0.350788
  0.345065
  0.340007
  0.335624
  0.331918
  0.328887
  0.326522
  0.324805
  0.323714
  0.323217
  0.323278
  0.323852
  0.324891
  0.326335
  0.328123
  0.330184
  0.332441
  0.334812
  0.337207
  0.339532
  0.341684
   0.34356
  0.345047
   0.34603
   0.34639
  0.345989
  0.344655
  0.342096
  0.337628
  0.328956
  0.301292
 -0.284011
-0.0991864
