  0.772257
 -0.365886
 -0.488937
 -0.540301
  -0.56747
 -0.583245
 -0.592538
 -0.597809
 -0.600461
 -0.601354
 -0.601044
 -0.599897
 -0.598163
 -0.596012
 -0.593565
 -0.590905
 -0.588089
 -0.585157
 -0.582133
 -0.579029
 -0.575845
 -0.572575
 -0.569202
 -0.565699
 -0.562032
  -0.55816
 -0.554031
 -0.549585
  -0.54475
 -0.539449
 -0.533588
 -0.527065
  -0.51976
 -0.511536
  -0.50223
 -0.491648
 -0.479553
 -0.465645
 -0.449538
 -0.430713
 -0.408461
 -0.381775
 -0.349185
 -0.308481
 -0.256242
 -0.187054
-0.0923093
 0.0409314
  0.227485
  0.465461
  0.703367
  0.867699
   0.92253
  0.909321
   0.87255
  0.832234
  0.794798
  0.761608
  0.732439
  0.706665
  0.683648
  0.662842
  0.643806
  0.626196
  0.609747
  0.594255
  0.579565
  0.565558
  0.552146
  0.539257
  0.526837
  0.514845
  0.503244
  0.492002
  0.481092
  0.470485
  0.460154
  0.450069
  0.440201
  0.430518
  0.420984
  0.411565
  0.402223
  0.392919
  0.383611
  0.374257
   0.36481
  0.355222
  0.345438
  0.335392
  0.325007
  0.314185
  0.302796
  0.290668
  0.277573
  0.263215
  0.247234
  0.229213
  0.208804
  0.177838
 -0.303197
  -0.46906
