  0.624934
 -0.400057
 -0.497275
 -0.535862
 -0.556139
 -0.568496
 -0.576676
 -0.582422
 -0.586654
 -0.589895
 -0.592457
 -0.594532
 -0.596239
 -0.597652
 -0.598818
 -0.599763
 -0.600499
 -0.601029
 -0.601347
 -0.601441
 -0.601292
 -0.600874
 -0.600155
   -0.5991
 -0.597662
 -0.595792
 -0.593434
 -0.590522
 -0.586987
  -0.58275
 -0.577725
 -0.571815
 -0.564915
 -0.556904
  -0.54764
 -0.536961
 -0.524665
 -0.510501
 -0.494141
 -0.475146
 -0.452909
  -0.42656
 -0.394818
 -0.355736
 -0.306272
 -0.241556
 -0.153744
-0.0308147
  0.141615
  0.363852
  0.590596
   0.75245
  0.813095
  0.808143
  0.778429
  0.743225
  0.709213
  0.678186
  0.650288
  0.625176
  0.602424
  0.581641
  0.562504
   0.54476
  0.528214
  0.512714
   0.49815
  0.484435
  0.471503
  0.459306
  0.447802
  0.436956
   0.42674
  0.417123
  0.408075
  0.399566
  0.391562
  0.384026
  0.376918
  0.370194
  0.363808
  0.357709
  0.351844
  0.346157
   0.34059
  0.335081
  0.329567
  0.323984
  0.318266
  0.312342
  0.306142
   0.29959
  0.292605
  0.285106
  0.277011
  0.268264
  0.258881
  0.249054
  0.239457
   0.22471
 -0.218536
 -0.406398
