  0.452042
 -0.387189
  -0.45437
 -0.481279
 -0.497031
 -0.508382
 -0.517566
  -0.52554
 -0.532765
 -0.539481
  -0.54582
 -0.551852
 -0.557613
 -0.563118
 -0.568371
 -0.573366
 -0.578092
 -0.582533
  -0.58667
 -0.590478
 -0.593931
 -0.596998
 -0.599644
 -0.601829
  -0.60351
  -0.60464
 -0.605166
 -0.605032
 -0.604177
 -0.602537
 -0.600044
 -0.596623
 -0.592198
 -0.586681
 -0.579978
 -0.571979
 -0.562553
 -0.551538
 -0.538723
 -0.523819
 -0.506423
 -0.485939
 -0.461471
 -0.431616
 -0.394111
 -0.345206
 -0.278581
 -0.183879
-0.0468664
  0.139206
   0.34443
  0.508073
  0.590527
  0.612503
  0.606306
  0.589646
  0.569924
  0.549965
  0.530777
  0.512663
  0.495661
  0.479721
  0.464769
  0.450736
  0.437566
  0.425217
  0.413658
   0.40287
  0.392838
  0.383552
  0.375004
  0.367184
  0.360083
  0.353686
  0.347976
  0.342931
  0.338523
   0.33472
  0.331482
  0.328768
  0.326528
  0.324708
  0.323249
  0.322087
  0.321155
   0.32038
  0.319688
  0.318998
  0.318233
  0.317313
  0.316158
  0.314698
   0.31287
  0.310629
  0.307955
   0.30487
  0.301447
   0.29777
  0.293616
   0.28052
 -0.209412
  -0.24263
