 0.802878
 -0.33733
-0.465268
-0.519969
-0.549342
-0.566352
-0.576069
-0.581103
-0.582994
-0.582729
-0.580966
-0.578159
-0.574628
-0.570599
-0.566239
-0.561668
-0.556977
-0.552231
-0.547476
-0.542744
-0.538053
 -0.53341
-0.528812
-0.524246
-0.519688
-0.515106
-0.510456
-0.505686
-0.500733
-0.495522
-0.489965
-0.483962
-0.477393
-0.470122
-0.461983
 -0.45278
 -0.44227
-0.430146
-0.416015
-0.399349
 -0.37943
 -0.35524
  -0.3253
-0.287391
-0.238084
-0.171953
-0.080377
0.0496325
 0.233053
  0.46847
  0.70526
 0.870436
 0.927627
 0.917433
 0.883824
 0.846637
 0.812232
 0.781956
 0.755568
 0.732434
 0.711906
 0.693426
 0.676544
 0.660906
  0.64624
 0.632333
 0.619025
 0.606193
 0.593742
 0.581604
 0.569724
  0.55806
 0.546581
 0.535261
 0.524077
 0.513009
 0.502038
 0.491145
 0.480311
 0.469515
 0.458736
  0.44795
 0.437134
 0.426262
 0.415307
 0.404239
 0.393026
 0.381631
 0.370008
 0.358101
 0.345833
 0.333102
 0.319763
 0.305613
 0.290366
  0.27362
 0.254822
 0.233173
 0.207444
 0.166854
-0.349942
-0.452936
