  0.208706
 -0.285631
 -0.298823
 -0.301845
 -0.304005
 -0.305841
 -0.307353
 -0.308487
 -0.309221
 -0.309569
 -0.309573
 -0.309291
 -0.308797
 -0.308166
  -0.30748
 -0.306817
 -0.306255
 -0.305869
  -0.30573
 -0.305903
  -0.30645
 -0.307426
 -0.308882
 -0.310862
 -0.313406
 -0.316546
 -0.320308
 -0.324713
 -0.329774
 -0.335501
 -0.341895
 -0.348952
 -0.356666
 -0.365023
  -0.37401
 -0.383607
 -0.393797
 -0.404558
 -0.415865
 -0.427688
 -0.439978
 -0.452651
 -0.465538
 -0.478297
 -0.490201
 -0.499666
  -0.50316
 -0.492748
 -0.451625
 -0.352956
 -0.185973
0.00692993
  0.170232
   0.28419
  0.360073
  0.412243
   0.45009
  0.479007
  0.502052
  0.521002
   0.53692
  0.550466
  0.562062
  0.571989
  0.580442
  0.587563
  0.593462
  0.598228
  0.601937
   0.60466
  0.606461
  0.607403
  0.607545
  0.606947
  0.605663
  0.603748
  0.601253
  0.598227
  0.594714
  0.590757
  0.586393
  0.581657
  0.576582
  0.571194
  0.565518
  0.559575
  0.553384
  0.546958
  0.540307
  0.533432
  0.526326
  0.518964
  0.511294
  0.503215
  0.494537
  0.484883
  0.473461
  0.458373
  0.433745
  0.373395
 -0.409778
  0.201072
