 0.478277
-0.305133
-0.370448
-0.395902
 -0.40879
-0.415503
-0.418418
-0.418738
-0.417193
-0.414281
-0.410366
 -0.40573
-0.400598
-0.395155
-0.389553
-0.383922
-0.378372
-0.372997
-0.367879
-0.363086
-0.358677
  -0.3547
-0.351195
 -0.34819
-0.345709
-0.343762
-0.342353
-0.341477
-0.341117
 -0.34125
-0.341839
-0.342838
-0.344189
-0.345817
-0.347637
-0.349541
-0.351398
-0.353044
 -0.35427
  -0.3548
-0.354259
 -0.35211
 -0.34756
-0.339382
-0.325592
-0.302846
-0.265341
-0.203044
-0.100549
0.0550539
 0.246163
 0.418485
  0.52745
 0.581601
 0.606505
  0.61823
 0.624238
 0.627737
 0.630073
 0.631789
 0.633079
 0.633984
 0.634482
 0.634528
 0.634077
 0.633086
 0.631524
 0.629371
 0.626614
 0.623253
 0.619292
 0.614746
 0.609631
 0.603969
 0.597785
 0.591105
 0.583953
 0.576356
 0.568339
 0.559926
 0.551138
 0.541996
 0.532519
 0.522722
 0.512621
 0.502227
 0.491551
 0.480596
 0.469364
 0.457846
 0.446021
 0.433851
 0.421267
 0.408152
 0.394311
 0.379413
 0.362859
 0.343407
 0.317708
 0.268082
-0.359315
-0.118962
