  0.549159
 -0.303993
 -0.382912
 -0.414902
 -0.431476
 -0.440384
 -0.444577
 -0.445571
 -0.444293
 -0.441368
  -0.43725
 -0.432282
 -0.426729
 -0.420801
  -0.41467
 -0.408475
 -0.402332
  -0.39634
 -0.390578
 -0.385114
 -0.380004
 -0.375293
 -0.371013
 -0.367192
 -0.363842
 -0.360971
 -0.358574
 -0.356638
 -0.355139
 -0.354043
 -0.353305
 -0.352865
 -0.352653
 -0.352581
 -0.352543
 -0.352411
 -0.352026
 -0.351189
 -0.349647
 -0.347064
 -0.342982
 -0.336753
 -0.327425
 -0.313547
 -0.292809
  -0.26141
 -0.212938
 -0.136753
-0.0176594
  0.153918
  0.353136
  0.522132
  0.618604
  0.658214
  0.670371
  0.671767
  0.669489
  0.666255
  0.663012
  0.660015
   0.65725
   0.65461
  0.651968
  0.649204
  0.646213
   0.64291
  0.639233
  0.635132
  0.630578
   0.62555
  0.620043
  0.614055
  0.607595
  0.600675
  0.593311
  0.585522
  0.577325
  0.568741
  0.559789
  0.550485
  0.540848
  0.530893
  0.520633
   0.51008
  0.499244
  0.488134
  0.476754
  0.465105
   0.45318
  0.440965
   0.42843
  0.415525
  0.402166
  0.388216
  0.373458
  0.357531
  0.339821
  0.319122
   0.29239
  0.243043
 -0.363064
 -0.186096
