  0.407712
 -0.305981
 -0.357671
 -0.376733
 -0.386152
 -0.390918
 -0.392822
 -0.392745
 -0.391216
   -0.3886
 -0.385173
 -0.381154
 -0.376727
 -0.372047
 -0.367248
 -0.362448
 -0.357751
 -0.353246
 -0.349014
 -0.345124
 -0.341637
 -0.338605
 -0.336071
 -0.334069
 -0.332628
 -0.331765
 -0.331491
 -0.331807
 -0.332708
 -0.334176
 -0.336188
 -0.338708
 -0.341691
 -0.345081
 -0.348809
 -0.352792
 -0.356929
 -0.361093
 -0.365125
 -0.368812
 -0.371867
 -0.373874
 -0.374208
 -0.371881
  -0.36525
 -0.351454
  -0.32532
 -0.277419
 -0.192045
-0.0526311
  0.130906
  0.307778
  0.430734
  0.500706
  0.539286
  0.561979
  0.576706
  0.587231
  0.595341
  0.601902
  0.607333
  0.611838
  0.615509
  0.618389
  0.620492
  0.621825
  0.622393
  0.622203
  0.621267
    0.6196
  0.617225
  0.614166
  0.610453
  0.606117
   0.60119
  0.595705
  0.589696
  0.583194
   0.57623
  0.568833
   0.56103
  0.552845
  0.544301
  0.535418
  0.526214
  0.516705
  0.506904
  0.496821
   0.48646
  0.475818
  0.464884
  0.453627
  0.441991
  0.429875
  0.417104
  0.403366
  0.388064
  0.369894
  0.345123
  0.294706
 -0.359648
-0.0480637
