  0.795684
 -0.351187
 -0.478173
 -0.531919
 -0.560582
 -0.577194
 -0.586813
 -0.592015
 -0.594294
 -0.594589
 -0.593517
 -0.591494
 -0.588809
 -0.585663
 -0.582201
 -0.578526
 -0.574712
 -0.570812
 -0.566861
 -0.562881
 -0.558882
 -0.554864
 -0.550815
 -0.546716
 -0.542539
 -0.538246
 -0.533788
 -0.529109
 -0.524141
 -0.518807
 -0.513017
 -0.506667
 -0.499638
  -0.49179
  -0.48296
  -0.47295
 -0.461517
 -0.448357
 -0.433076
 -0.415146
 -0.393848
 -0.368161
 -0.336599
 -0.296931
 -0.245708
 -0.177473
-0.0835623
 0.0490476
  0.235273
  0.473283
  0.711532
  0.876441
  0.931906
   0.91942
  0.883498
  0.844137
  0.807723
  0.775587
  0.747474
  0.722739
  0.700724
  0.680868
   0.66272
  0.645925
  0.630211
  0.615367
  0.601233
  0.587686
  0.574634
  0.562005
  0.549744
  0.537809
  0.526165
  0.514782
  0.503635
  0.492699
  0.481951
  0.471367
   0.46092
  0.450585
  0.440334
  0.430136
  0.419962
  0.409777
   0.39955
  0.389242
  0.378815
  0.368225
  0.357422
  0.346344
  0.334914
  0.323029
   0.31055
  0.297285
  0.282971
   0.26725
  0.249655
  0.229561
   0.20617
  0.169985
 -0.329238
 -0.466446
