  0.677764
 -0.305261
  -0.40873
 -0.452608
 -0.476046
 -0.489233
  -0.49614
 -0.498838
 -0.498592
 -0.496251
 -0.492412
 -0.487516
 -0.481889
 -0.475781
 -0.469386
 -0.462856
 -0.456312
 -0.449851
  -0.44355
  -0.43747
 -0.431658
 -0.426148
 -0.420965
  -0.41612
 -0.411616
 -0.407446
 -0.403592
 -0.400024
 -0.396704
 -0.393581
  -0.39059
 -0.387653
 -0.384677
 -0.381549
 -0.378133
 -0.374265
 -0.369741
 -0.364307
 -0.357634
 -0.349287
 -0.338674
 -0.324958
 -0.306924
 -0.282738
 -0.249538
 -0.202731
 -0.134838
-0.0341117
  0.114461
  0.315033
  0.530427
  0.696055
   0.77285
   0.78849
  0.779161
  0.762849
  0.746148
  0.731028
  0.717809
  0.706281
    0.6961
  0.686923
  0.678452
  0.670445
  0.662704
  0.655078
   0.64745
  0.639731
  0.631857
  0.623783
  0.615476
   0.60692
  0.598102
  0.589019
  0.579672
  0.570064
    0.5602
  0.550087
   0.53973
  0.529135
  0.518308
  0.507251
  0.495968
   0.48446
  0.472726
  0.460764
  0.448566
  0.436123
  0.423414
  0.410409
   0.39706
  0.383293
  0.368991
  0.353979
   0.33799
  0.320611
  0.301189
  0.278569
  0.250232
  0.201383
 -0.372986
 -0.304778
