  0.729227
 -0.309193
 -0.422499
  -0.47106
 -0.497194
   -0.5121
 -0.520165
 -0.523679
 -0.524037
 -0.522165
 -0.518712
 -0.514144
 -0.508805
 -0.502954
 -0.496786
 -0.490453
 -0.484075
 -0.477743
 -0.471531
 -0.465492
  -0.45967
 -0.454092
 -0.448776
 -0.443727
 -0.438943
 -0.434409
 -0.430099
 -0.425979
 -0.422001
 -0.418108
 -0.414227
 -0.410273
 -0.406143
 -0.401715
 -0.396841
 -0.391345
 -0.385006
 -0.377549
 -0.368618
 -0.357741
 -0.344275
 -0.327315
 -0.305543
 -0.276978
 -0.238545
 -0.185341
 -0.109462
0.00129633
  0.161932
  0.374567
  0.597196
  0.762346
  0.831994
  0.838478
  0.820731
  0.797338
   0.77476
  0.754712
  0.737291
  0.722119
  0.708732
  0.696702
   0.68567
  0.675347
  0.665505
  0.655967
  0.646598
  0.637295
  0.627982
  0.618602
  0.609117
    0.5995
  0.589733
  0.579805
   0.56971
  0.559445
  0.549008
  0.538399
  0.527617
  0.516661
  0.505531
  0.494223
  0.482733
  0.471058
  0.459189
  0.447118
  0.434833
  0.422316
   0.40954
  0.396468
  0.383042
  0.369177
  0.354744
  0.339552
  0.323314
  0.305602
  0.285756
  0.262666
  0.234077
   0.18606
 -0.374899
 -0.354327
