   0.79359
 -0.325344
 -0.451206
 -0.505333
 -0.534523
 -0.551395
   -0.5609
 -0.565609
 -0.567058
 -0.566247
 -0.563854
 -0.560354
 -0.556087
 -0.551301
 -0.546176
 -0.540849
 -0.535422
 -0.529973
 -0.524557
 -0.519216
 -0.513976
 -0.508852
 -0.503847
 -0.498955
 -0.494158
  -0.48943
 -0.484734
 -0.480021
 -0.475234
   -0.4703
 -0.465139
  -0.45965
 -0.453721
 -0.447215
 -0.439972
 -0.431798
 -0.422452
 -0.411635
 -0.398956
   -0.3839
 -0.365759
 -0.343536
 -0.315784
 -0.280327
 -0.233806
 -0.170899
-0.0831264
 0.0423482
  0.220526
  0.450777
  0.684367
  0.849555
  0.909591
  0.903266
   0.87343
  0.839616
  0.808187
  0.780551
  0.756529
  0.735535
  0.716953
  0.700248
  0.684988
  0.670828
  0.657501
  0.644803
  0.632575
  0.620697
  0.609079
  0.597653
  0.586368
  0.575186
  0.564078
  0.553023
  0.542003
  0.531002
  0.520008
  0.509006
  0.497984
  0.486928
  0.475822
   0.46465
  0.453396
   0.44204
  0.430563
  0.418942
  0.407152
  0.395162
  0.382931
  0.370409
  0.357525
  0.344177
  0.330222
  0.315455
  0.299576
  0.282159
  0.262592
  0.239936
  0.212574
  0.168553
 -0.364357
 -0.429233
