  0.616751
 -0.303735
 -0.395568
  -0.43382
 -0.453997
  -0.46513
 -0.470704
 -0.472529
 -0.471712
 -0.468999
 -0.464923
 -0.459881
 -0.454171
 -0.448029
 -0.441639
 -0.435148
 -0.428677
 -0.422324
 -0.416169
 -0.410277
 -0.404699
 -0.399476
 -0.394636
 -0.390199
 -0.386173
 -0.382557
 -0.379341
 -0.376503
 -0.374012
 -0.371824
 -0.369885
 -0.368124
  -0.36646
 -0.364792
 -0.362996
 -0.360926
 -0.358398
 -0.355184
 -0.350989
 -0.345423
 -0.337957
 -0.327841
 -0.313982
 -0.294722
  -0.26746
 -0.227971
 -0.169278
-0.0801639
 0.0544445
  0.241186
  0.448641
  0.615466
  0.701185
  0.727889
  0.728563
   0.72055
  0.710648
  0.701161
  0.692694
  0.685248
  0.678628
  0.672601
  0.666946
  0.661474
  0.656033
    0.6505
  0.644783
  0.638811
  0.632535
  0.625922
  0.618952
  0.611615
  0.603909
  0.595838
  0.587409
  0.578634
  0.569524
  0.560092
  0.550351
  0.540313
  0.529989
  0.519388
   0.50852
   0.49739
  0.486005
  0.474366
  0.462474
  0.450323
  0.437901
  0.425186
  0.412138
  0.398695
  0.384757
  0.370167
  0.354681
  0.337911
  0.319222
   0.29743
  0.269762
  0.220564
 -0.368376
 -0.248375
