  0.76854
-0.315872
-0.436767
-0.488808
  -0.5169
-0.533062
-0.542012
-0.546211
-0.547146
-0.545795
-0.542833
 -0.53874
-0.533864
-0.528462
-0.522726
-0.516804
-0.510806
 -0.50482
 -0.49891
-0.493126
-0.487501
-0.482058
-0.476807
-0.471749
-0.466871
-0.462155
-0.457568
-0.453068
-0.448603
-0.444108
-0.439504
-0.434699
-0.429583
-0.424027
-0.417874
-0.410938
-0.402987
 -0.39373
 -0.38279
-0.369669
-0.353686
-0.333881
-0.308858
-0.276524
-0.233637
-0.175048
 -0.09252
0.0265199
 0.197074
  0.41968
 0.648474
 0.813573
   0.8777
 0.876897
 0.852328
 0.823104
 0.795616
  0.77139
 0.750361
 0.732026
 0.715831
 0.701283
 0.687978
 0.675596
 0.663884
 0.652648
 0.641739
 0.631043
 0.620475
 0.609972
 0.599489
 0.588993
 0.578458
 0.567869
 0.557213
 0.546481
 0.535665
 0.524758
 0.513753
 0.502642
 0.491418
 0.480071
 0.468591
 0.456965
 0.445182
 0.433226
 0.421076
  0.40871
 0.396094
 0.383182
  0.36991
 0.356184
 0.341864
  0.32675
 0.310544
  0.29281
 0.272902
 0.249779
 0.221483
 0.175017
-0.372443
-0.396098
