  0.273744
 -0.189646
 -0.214858
 -0.231755
 -0.247239
 -0.261216
 -0.273882
 -0.285471
 -0.296203
 -0.306262
 -0.315792
 -0.324909
 -0.333704
 -0.342255
 -0.350626
 -0.358878
 -0.367065
 -0.375239
 -0.383448
 -0.391741
 -0.400163
 -0.408756
 -0.417563
 -0.426621
 -0.435969
 -0.445639
 -0.455664
 -0.466074
   -0.4769
 -0.488169
 -0.499913
 -0.512167
 -0.524971
 -0.538375
 -0.552442
 -0.567255
 -0.582921
 -0.599581
 -0.617423
 -0.636688
 -0.657691
 -0.680834
 -0.706613
 -0.735598
  -0.76832
 -0.804881
 -0.843763
 -0.878427
 -0.889017
 -0.832091
  -0.66796
 -0.432813
 -0.199088
-0.0164263
     0.114
  0.206914
  0.274998
  0.326634
  0.367075
  0.399628
  0.426422
   0.44887
  0.467935
  0.484295
  0.498444
  0.510749
  0.521495
  0.530908
  0.539174
  0.546446
  0.552858
  0.558525
  0.563549
  0.568021
   0.57202
  0.575617
  0.578874
  0.581845
  0.584576
  0.587105
  0.589462
   0.59167
  0.593743
  0.595688
  0.597501
  0.599169
  0.600667
  0.601953
  0.602963
  0.603604
  0.603738
  0.603159
  0.601557
  0.598451
  0.593082
  0.584182
  0.569474
  0.544323
  0.496453
  0.379917
 -0.734552
  0.460808
