  0.21829
-0.224327
-0.238989
-0.248539
-0.258331
-0.267682
-0.276398
-0.284461
-0.291929
-0.298882
-0.305403
-0.311571
-0.317461
-0.323146
-0.328694
-0.334172
-0.339645
-0.345174
-0.350821
-0.356645
  -0.3627
 -0.36904
-0.375716
-0.382772
-0.390253
-0.398199
-0.406644
-0.415623
-0.425166
-0.435302
-0.446059
-0.457467
-0.469558
-0.482371
-0.495954
 -0.51037
-0.525702
-0.542057
 -0.55958
 -0.57846
 -0.59894
 -0.62133
   -0.646
-0.673354
-0.703695
-0.736829
-0.770895
-0.799151
-0.802369
-0.740125
-0.577632
-0.351536
-0.130905
0.0397863
 0.161255
 0.247925
  0.31176
 0.360536
 0.399069
 0.430367
 0.456349
 0.478278
 0.497011
 0.513145
 0.527112
 0.539234
 0.549759
 0.558883
 0.566769
 0.573555
  0.57936
 0.584289
 0.588436
 0.591888
 0.594722
 0.597008
 0.598809
 0.600182
 0.601176
 0.601836
 0.602198
 0.602294
 0.602148
 0.601781
 0.601203
 0.600421
 0.599432
 0.598223
 0.596767
  0.59502
 0.592906
 0.590306
 0.587027
 0.582757
 0.576973
 0.568754
 0.556353
 0.536025
 0.497367
 0.400028
-0.625406
 0.407116
