 0.283596
-0.301213
 -0.32875
-0.337344
-0.341753
-0.344262
-0.345551
-0.345909
-0.345508
-0.344485
-0.342958
-0.341044
-0.338852
-0.336488
-0.334052
-0.331641
-0.329342
-0.327238
-0.325406
-0.323915
-0.322828
-0.322203
-0.322088
-0.322529
-0.323561
-0.325213
 -0.32751
-0.330468
-0.334094
-0.338392
-0.343356
-0.348975
-0.355233
-0.362105
-0.369564
-0.377574
-0.386095
 -0.39508
-0.404471
 -0.41419
-0.424129
-0.434122
-0.443886
-0.452919
-0.460265
-0.464022
-0.460246
 -0.44062
-0.388571
-0.279732
-0.108388
0.0809347
 0.234655
 0.338065
 0.404984
 0.450073
 0.482377
 0.506894
 0.526375
 0.542374
 0.555796
  0.56719
 0.576895
 0.585134
 0.592056
 0.597769
 0.602356
 0.605885
 0.608415
 0.610003
 0.610701
 0.610562
 0.609637
 0.607975
 0.605628
 0.602641
 0.599061
  0.59493
  0.59029
 0.585178
 0.579627
  0.57367
 0.567335
 0.560648
 0.553631
 0.546304
 0.538685
 0.530787
 0.522621
  0.51419
 0.505488
 0.496493
  0.48716
 0.477397
 0.467035
 0.455747
 0.442856
 0.426764
 0.402582
 0.347288
-0.383385
 0.099789
