 0.208993
-0.280305
-0.293279
-0.297365
-0.300992
-0.304373
-0.307419
-0.310056
-0.312262
-0.314054
-0.315479
-0.316598
-0.317483
-0.318211
-0.318863
-0.319518
-0.320253
-0.321145
-0.322264
-0.323679
-0.325453
-0.327645
-0.330308
-0.333491
-0.337237
-0.341583
-0.346562
-0.352201
-0.358521
-0.365538
-0.373266
-0.381715
 -0.39089
  -0.4008
-0.411452
-0.422857
-0.435033
-0.448005
-0.461811
-0.476498
-0.492126
-0.508754
-0.526415
-0.545042
-0.564295
-0.583112
-0.598599
-0.603292
-0.579524
-0.495413
-0.331094
-0.126518
0.0579171
  0.19315
 0.286354
 0.351809
 0.399809
 0.436606
 0.465899
 0.489911
 0.510019
   0.5271
 0.541735
 0.554319
 0.565132
  0.57438
 0.582221
 0.588782
 0.594171
  0.59848
 0.601793
 0.604188
 0.605737
 0.606507
 0.606562
 0.605962
 0.604762
 0.603015
 0.600766
  0.59806
 0.594936
 0.591428
 0.587566
 0.583378
 0.578887
 0.574113
 0.569072
 0.563774
 0.558225
 0.552422
 0.546349
  0.53997
 0.533215
 0.525952
 0.517942
 0.508722
 0.497335
 0.481545
 0.454587
 0.387324
-0.452314
 0.243321
