  0.182056
 -0.272646
 -0.280693
 -0.282686
 -0.285256
 -0.288073
  -0.29084
 -0.293375
 -0.295599
 -0.297491
 -0.299072
 -0.300388
 -0.301497
 -0.302467
  -0.30337
 -0.304281
 -0.305272
 -0.306414
 -0.307777
 -0.309425
 -0.311419
 -0.313816
 -0.316668
 -0.320021
 -0.323917
 -0.328393
 -0.333479
   -0.3392
 -0.345577
 -0.352624
 -0.360352
 -0.368768
 -0.377877
  -0.38768
 -0.398181
 -0.409385
 -0.421301
 -0.433945
 -0.447339
 -0.461515
 -0.476508
 -0.492343
 -0.509009
 -0.526378
 -0.544025
 -0.560775
 -0.573606
 -0.574983
 -0.547518
 -0.460617
 -0.296545
-0.0955904
 0.0832218
  0.213054
  0.301958
  0.364159
  0.409696
  0.444597
  0.472398
  0.495211
  0.514336
  0.530597
  0.544538
  0.556526
  0.566822
  0.575617
  0.583057
  0.589263
  0.594335
  0.598361
  0.601422
  0.603592
  0.604942
  0.605539
  0.605445
  0.604721
  0.603421
    0.6016
  0.599304
  0.596578
  0.593462
  0.589991
  0.586199
  0.582111
  0.577754
  0.573146
  0.568304
   0.56324
  0.557958
  0.552456
  0.546717
  0.540706
   0.53435
   0.52752
  0.519973
  0.511242
  0.500355
   0.48503
  0.458326
  0.390642
 -0.452258
  0.270202
