  0.303189
 -0.177414
 -0.208335
 -0.228714
 -0.246707
 -0.262659
 -0.276987
 -0.290052
 -0.302148
 -0.313506
 -0.324296
 -0.334647
  -0.34466
 -0.354411
 -0.363964
 -0.373375
 -0.382693
 -0.391963
 -0.401228
  -0.41053
 -0.419906
 -0.429394
 -0.439031
 -0.448848
 -0.458879
 -0.469152
 -0.479697
 -0.490541
  -0.50171
 -0.513233
  -0.52514
 -0.537464
  -0.55025
 -0.563547
 -0.577425
 -0.591971
 -0.607299
 -0.623562
 -0.640958
 -0.659744
 -0.680255
 -0.702919
 -0.728264
 -0.756904
 -0.789427
 -0.826008
 -0.865218
 -0.900572
 -0.912094
  -0.85571
 -0.690758
 -0.453484
 -0.217071
-0.0322099
 0.0996091
  0.193244
  0.261574
  0.313142
  0.353313
   0.38547
    0.4118
  0.433752
  0.452322
   0.46821
  0.481925
  0.493851
  0.504282
  0.513454
  0.521556
   0.52875
  0.535171
  0.540937
  0.546152
  0.550906
  0.555277
  0.559336
  0.563141
  0.566744
  0.570187
  0.573504
  0.576719
   0.57985
  0.582905
   0.58588
  0.588765
  0.591536
  0.594152
  0.596556
  0.598664
  0.600356
  0.601461
   0.60173
  0.600794
  0.598099
  0.592781
  0.583437
  0.567605
  0.540367
  0.488914
   0.36572
 -0.772821
  0.469632
