 0.341414
-0.305148
-0.343962
-0.357241
 -0.36373
-0.367027
-0.368347
-0.368257
-0.367097
-0.365106
-0.362476
-0.359369
-0.355929
-0.352284
-0.348551
-0.344835
-0.341232
-0.337829
-0.334704
-0.331926
-0.329559
-0.327656
-0.326264
-0.325423
-0.325165
-0.325515
 -0.32649
-0.328099
-0.330342
-0.333214
-0.336701
-0.340778
-0.345415
-0.350572
-0.356202
-0.362244
-0.368627
-0.375266
-0.382051
-0.388837
-0.395426
-0.401528
 -0.40669
-0.410169
-0.410668
-0.405814
-0.391059
-0.357556
-0.289205
-0.165576
0.0112827
 0.193879
 0.331926
 0.418512
 0.471264
 0.505211
 0.528807
 0.546421
 0.560314
 0.571692
 0.581216
 0.589257
 0.596034
 0.601676
 0.606266
  0.60986
 0.612501
 0.614227
 0.615073
 0.615075
  0.61427
 0.612697
 0.610397
 0.607408
 0.603774
 0.599534
 0.594728
 0.589393
 0.583567
 0.577281
 0.570567
 0.563454
 0.555966
 0.548129
 0.539961
 0.531483
  0.52271
 0.513653
 0.504322
 0.494718
 0.484833
 0.474644
 0.464102
 0.453117
 0.441524
 0.429014
 0.414969
 0.397974
 0.373794
 0.321642
-0.366775
0.0253609
