  0.201066
 -0.244245
 -0.255642
 -0.262145
 -0.269245
 -0.276258
 -0.282898
 -0.289061
 -0.294739
 -0.299972
 -0.304814
 -0.309331
 -0.313593
 -0.317669
 -0.321631
 -0.325549
 -0.329492
 -0.333526
 -0.337718
 -0.342131
 -0.346822
  -0.35185
 -0.357265
 -0.363118
 -0.369451
 -0.376307
  -0.38372
 -0.391723
 -0.400346
 -0.409614
 -0.419553
 -0.430187
 -0.441542
 -0.453647
 -0.466541
 -0.480272
 -0.494903
  -0.51052
 -0.527237
 -0.545204
 -0.564613
 -0.585705
 -0.608758
 -0.634047
 -0.661703
 -0.691301
  -0.72071
 -0.743015
 -0.739455
 -0.671962
 -0.509734
 -0.290092
-0.0795967
 0.0814258
   0.19534
  0.276454
  0.336236
  0.382023
  0.418317
  0.447904
   0.47255
   0.49341
  0.511262
  0.526647
  0.539954
  0.551471
   0.56142
  0.569979
  0.577294
  0.583491
  0.588677
  0.592951
  0.596403
  0.599111
  0.601151
  0.602591
  0.603492
  0.603911
  0.603897
  0.603496
  0.602746
  0.601681
  0.600329
  0.598714
  0.596853
  0.594759
  0.592437
  0.589885
  0.587092
   0.58403
   0.58065
  0.576869
  0.572546
  0.567443
  0.561151
  0.552927
  0.541316
  0.523102
  0.489089
  0.402578
 -0.563558
  0.362492
