  0.196894
 -0.263541
 -0.274157
 -0.278687
 -0.283623
 -0.288566
 -0.293257
 -0.297566
 -0.301456
 -0.304939
 -0.308058
  -0.31087
 -0.313443
 -0.315848
  -0.31816
 -0.320452
 -0.322799
 -0.325272
  -0.32794
 -0.330868
 -0.334118
  -0.33775
 -0.341815
 -0.346364
 -0.351441
 -0.357086
 -0.363333
 -0.370213
 -0.377752
 -0.385972
 -0.394893
 -0.404533
 -0.414909
  -0.42604
  -0.43795
 -0.450671
 -0.464245
 -0.478728
 -0.494201
 -0.510764
 -0.528549
 -0.547713
  -0.56842
 -0.590791
 -0.614738
 -0.639549
 -0.662749
 -0.677185
 -0.664627
 -0.589879
 -0.427135
 -0.214796
-0.0164951
  0.132609
  0.237034
   0.31103
  0.365502
  0.407274
  0.440472
  0.467618
  0.490297
  0.509535
  0.526016
  0.540214
  0.552466
  0.563023
  0.572075
  0.579777
  0.586257
  0.591626
  0.595979
  0.599406
  0.601988
    0.6038
   0.60491
  0.605384
   0.60528
  0.604653
  0.603553
  0.602024
  0.600106
  0.597832
  0.595235
  0.592338
  0.589164
  0.585729
  0.582046
  0.578121
  0.573952
  0.569526
  0.564814
  0.559761
  0.554267
  0.548156
  0.541115
  0.532558
    0.5213
  0.504647
  0.474651
  0.398457
 -0.504144
  0.307251
