  0.238371
 -0.293062
 -0.311765
 -0.317207
 -0.320629
  -0.32316
 -0.325034
 -0.326318
  -0.32706
  -0.32732
 -0.327167
 -0.326684
 -0.325955
  -0.32507
 -0.324117
 -0.323182
 -0.322348
 -0.321694
 -0.321295
 -0.321219
  -0.32153
 -0.322286
  -0.32354
 -0.325337
 -0.327719
  -0.33072
 -0.334368
 -0.338684
 -0.343685
  -0.34938
 -0.355775
 -0.362868
 -0.370656
 -0.379131
 -0.388283
 -0.398102
 -0.408576
 -0.419697
 -0.431454
 -0.443837
 -0.456824
 -0.470365
 -0.484342
 -0.498481
 -0.512147
 -0.523882
 -0.530296
 -0.523537
 -0.486502
 -0.390959
 -0.223804
-0.0270352
  0.142349
  0.262176
   0.34274
  0.398456
   0.43899
  0.469975
  0.494649
  0.514908
  0.531899
  0.546339
  0.558694
  0.569272
  0.578291
   0.58591
  0.592249
  0.597406
  0.601467
  0.604505
  0.606589
  0.607786
  0.608156
  0.607759
  0.606653
   0.60489
  0.602523
  0.599599
  0.596161
  0.592252
  0.587908
  0.583163
  0.578046
  0.572585
  0.566803
  0.560721
  0.554356
  0.547722
  0.540828
  0.533676
  0.526258
  0.518549
  0.510494
  0.501993
  0.492851
  0.482691
  0.470727
  0.455091
  0.430051
  0.369795
 -0.411629
  0.173258
