  0.244075
 -0.205632
 -0.225184
 -0.238351
 -0.251031
 -0.262763
 -0.273529
  -0.28343
 -0.292603
 -0.301182
 -0.309279
 -0.316992
 -0.324405
 -0.331592
  -0.33862
 -0.345553
 -0.352451
  -0.35937
 -0.366366
 -0.373492
 -0.380799
 -0.388337
  -0.39615
 -0.404283
 -0.412776
 -0.421665
 -0.430987
 -0.440773
 -0.451054
  -0.46186
 -0.473221
  -0.48517
 -0.497744
 -0.510989
 -0.524962
 -0.539736
 -0.555409
 -0.572108
     -0.59
 -0.609306
  -0.63031
 -0.653374
 -0.678943
 -0.707516
 -0.739531
 -0.774967
 -0.812166
 -0.844505
 -0.852386
 -0.793583
 -0.630355
    -0.399
 -0.170566
0.00736655
  0.134349
  0.224953
  0.291552
   0.34227
  0.382179
  0.414457
  0.441148
  0.463598
  0.482728
   0.49918
  0.513421
    0.5258
  0.536585
  0.545989
  0.554187
  0.561328
  0.567539
   0.57293
    0.5776
   0.58164
  0.585126
  0.588132
   0.59072
  0.592946
  0.594858
  0.596498
    0.5979
  0.599092
  0.600094
  0.600918
  0.601572
   0.60205
  0.602341
  0.602418
  0.602237
  0.601729
   0.60079
  0.599258
  0.596883
  0.593269
  0.587773
  0.579293
  0.565798
  0.543054
  0.499605
   0.39194
 -0.684093
  0.440018
