 0.373112
-0.201169
-0.249993
-0.278304
-0.300897
 -0.32029
-0.337639
-0.353597
-0.368576
-0.382844
-0.396578
-0.409892
-0.422862
-0.435535
-0.447942
-0.460102
-0.472027
-0.483721
-0.495189
 -0.50643
-0.517443
-0.528224
-0.538771
-0.549077
-0.559136
-0.568943
 -0.57849
-0.587772
-0.596784
-0.605526
-0.613999
-0.622215
 -0.63019
-0.637953
-0.645549
 -0.65304
 -0.66051
-0.668074
-0.675878
-0.684111
-0.693008
-0.702856
-0.713978
-0.726696
-0.741186
-0.757078
-0.772342
-0.780326
-0.763082
-0.684796
-0.518547
-0.303712
-0.104586
0.0424097
 0.141806
 0.208659
 0.254662
 0.287233
 0.310919
 0.328548
 0.341929
 0.352263
 0.360371
 0.366839
 0.372094
 0.376461
 0.380189
 0.383479
 0.386494
 0.389368
 0.392211
 0.395116
  0.39816
 0.401405
 0.404904
 0.408694
 0.412803
 0.417249
 0.422039
  0.42717
  0.43263
 0.438394
 0.444427
 0.450683
   0.4571
   0.4636
 0.470086
 0.476438
 0.482503
 0.488087
  0.49294
 0.496733
 0.499028
 0.499225
 0.496475
 0.489513
 0.476265
  0.45276
 0.408799
 0.305212
 -0.67824
 0.305129
