  0.329284
  -0.16958
 -0.205727
  -0.22909
 -0.249157
 -0.266723
 -0.282414
 -0.296697
  -0.30993
 -0.322376
 -0.334228
 -0.345625
 -0.356669
 -0.367438
 -0.377993
 -0.388384
 -0.398655
 -0.408845
  -0.41899
 -0.429124
 -0.439279
 -0.449485
 -0.459773
 -0.470169
   -0.4807
  -0.49139
 -0.502264
 -0.513345
 -0.524656
 -0.536222
 -0.548072
 -0.560239
 -0.572765
 -0.585703
 -0.599122
 -0.613113
 -0.627795
 -0.643325
 -0.659906
 -0.677806
  -0.69737
 -0.719035
 -0.743346
 -0.770933
 -0.802408
 -0.837975
 -0.876239
 -0.910757
 -0.921571
 -0.864564
 -0.699038
 -0.461413
  -0.22495
-0.0403996
 0.0908022
  0.183614
  0.250999
  0.301558
  0.340698
  0.371831
  0.397164
  0.418166
  0.435843
  0.450907
  0.463877
  0.475142
  0.485003
    0.4937
  0.501427
  0.508346
  0.514595
  0.520293
  0.525541
  0.530428
  0.535033
  0.539421
  0.543649
  0.547763
  0.551803
  0.555795
  0.559759
  0.563707
  0.567637
  0.571539
  0.575393
  0.579161
  0.582792
   0.58621
  0.589313
  0.591956
  0.593936
  0.594964
  0.594625
    0.5923
  0.587049
  0.577376
  0.560703
  0.531969
   0.47813
  0.351004
  -0.79624
  0.466955
