 0.363188
-0.242901
-0.292224
-0.318932
-0.339608
-0.357291
 -0.37319
-0.387919
-0.401838
-0.415166
-0.428038
-0.440539
 -0.45272
 -0.46461
-0.476224
-0.487567
-0.498639
-0.509435
-0.519948
-0.530166
-0.540078
-0.549669
-0.558924
-0.567826
-0.576357
-0.584497
-0.592226
-0.599525
-0.606375
 -0.61276
-0.618665
-0.624084
-0.629013
-0.633459
-0.637439
-0.640981
-0.644131
-0.646949
-0.649514
-0.651923
 -0.65429
-0.656729
-0.659329
-0.662082
-0.664699
-0.666187
-0.663765
-0.650291
-0.609108
-0.511167
-0.341546
-0.142853
0.0273282
 0.144892
 0.219784
 0.267244
 0.297861
 0.317987
 0.331379
 0.340312
 0.346216
 0.350026
 0.352378
  0.35372
 0.354383
 0.354616
 0.354612
 0.354529
 0.354492
 0.354605
 0.354955
 0.355611
  0.35663
 0.358058
 0.359928
 0.362263
 0.365076
 0.368371
 0.372141
  0.37637
 0.381035
 0.386099
 0.391518
 0.397237
 0.403188
 0.409289
 0.415443
 0.421534
 0.427422
 0.432934
 0.437861
 0.441936
 0.444817
 0.446051
 0.445008
 0.440764
 0.431799
 0.415161
 0.383091
 0.304046
-0.549687
 0.186499
