  0.368501
 -0.220388
 -0.269561
 -0.297205
  -0.31897
 -0.337632
 -0.354372
 -0.369828
 -0.384386
 -0.398292
 -0.411702
 -0.424716
 -0.437396
 -0.449783
 -0.461897
 -0.473752
 -0.485352
 -0.496698
 -0.507787
 -0.518614
 -0.529171
 -0.539449
 -0.549439
 -0.559129
 -0.568507
  -0.57756
 -0.586275
 -0.594638
  -0.60264
  -0.61027
 -0.617525
 -0.624404
 -0.630918
 -0.637084
 -0.642934
 -0.648515
 -0.653894
  -0.65916
  -0.66443
  -0.66985
 -0.675601
 -0.681891
 -0.688936
 -0.696906
 -0.705769
 -0.714872
 -0.721848
 -0.719843
  -0.69155
  -0.60435
 -0.436903
  -0.22999
-0.0446692
 0.0883846
  0.176187
  0.233854
  0.272549
  0.299191
  0.317957
  0.331416
  0.341202
  0.348393
  0.353723
  0.357716
  0.360754
  0.363127
  0.365059
  0.366731
  0.368289
  0.369852
   0.37152
  0.373375
  0.375485
  0.377904
  0.380674
  0.383827
  0.387383
  0.391352
  0.395736
  0.400525
    0.4057
  0.411231
  0.417077
  0.423188
  0.429498
  0.435926
  0.442375
  0.448723
  0.454824
  0.460491
  0.465491
  0.469522
   0.47219
   0.47296
  0.471084
  0.465457
  0.454266
  0.434023
   0.39569
  0.303737
 -0.617245
  0.248744
