  0.372562
  -0.17472
 -0.221158
 -0.249428
 -0.272523
 -0.292401
 -0.310104
 -0.326278
 -0.341359
 -0.355645
 -0.369338
 -0.382575
 -0.395452
 -0.408032
 -0.420363
 -0.432475
 -0.444394
 -0.456138
 -0.467723
 -0.479161
 -0.490465
 -0.501644
 -0.512706
 -0.523661
 -0.534514
 -0.545273
 -0.555944
 -0.566534
 -0.577052
  -0.58751
 -0.597923
 -0.608314
 -0.618715
 -0.629171
 -0.639742
 -0.650512
  -0.66159
 -0.673121
 -0.685296
 -0.698359
 -0.712622
 -0.728477
 -0.746398
 -0.766916
 -0.790498
 -0.817162
 -0.845318
 -0.868517
 -0.867688
  -0.80205
 -0.636335
 -0.408129
 -0.187013
-0.0180792
 0.0995971
   0.18106
  0.238825
  0.281068
   0.31289
  0.337497
   0.35696
  0.372656
  0.385533
  0.396262
  0.405336
  0.413125
  0.419917
   0.42594
   0.43138
   0.43639
  0.441098
  0.445613
  0.450026
  0.454415
  0.458843
  0.463363
  0.468016
  0.472833
  0.477835
  0.483032
  0.488423
  0.493997
  0.499733
  0.505596
  0.511536
  0.517489
  0.523367
  0.529058
  0.534417
  0.539248
  0.543296
  0.546212
  0.547516
  0.546531
  0.542279
  0.533271
  0.517047
  0.488883
  0.436754
  0.315735
 -0.769028
  0.396466
