  0.375024
 -0.185806
 -0.233796
 -0.262358
 -0.285421
 -0.305237
 -0.322919
 -0.339124
 -0.354283
 -0.368683
 -0.382514
 -0.395905
 -0.408942
 -0.421682
 -0.434163
 -0.446411
 -0.458444
 -0.470273
 -0.481908
 -0.493356
  -0.50462
 -0.515705
 -0.526613
 -0.537344
 -0.547899
 -0.558279
 -0.568483
 -0.578513
  -0.58837
  -0.59806
 -0.607594
 -0.616987
 -0.626266
 -0.635468
 -0.644648
 -0.653878
 -0.663259
 -0.672922
 -0.683039
 -0.693832
  -0.70558
  -0.71863
 -0.733392
 -0.750307
 -0.769718
 -0.791478
 -0.813813
 -0.830203
   -0.8221
 -0.750951
 -0.585183
 -0.363128
 -0.151961
0.00707458
  0.116485
  0.191311
  0.243702
  0.281498
  0.309557
  0.330919
   0.34754
  0.360722
  0.371357
  0.380081
  0.387356
  0.393536
   0.39889
  0.403636
   0.40795
  0.411975
  0.415834
  0.419627
  0.423439
  0.427341
  0.431391
  0.435635
  0.440108
  0.444833
  0.449826
  0.455089
  0.460615
  0.466389
  0.472379
  0.478545
  0.484832
  0.491166
  0.497454
  0.503578
  0.509386
  0.514681
  0.519204
  0.522612
  0.524436
  0.524029
  0.520462
  0.512341
  0.497372
  0.471168
  0.422523
  0.309096
 -0.729702
  0.354678
