 0.359771
-0.294615
 -0.34501
-0.369763
-0.387912
-0.403192
-0.416906
-0.429651
 -0.44174
-0.453347
-0.464574
-0.475477
-0.486085
-0.496413
-0.506462
-0.516227
-0.525699
-0.534864
-0.543708
-0.552211
-0.560353
-0.568111
-0.575461
-0.582375
-0.588824
-0.594778
-0.600203
-0.605066
-0.609334
-0.612972
 -0.61595
-0.618238
-0.619808
-0.620638
 -0.62071
 -0.62001
-0.618528
-0.616255
-0.613181
-0.609283
-0.604512
-0.598762
-0.591815
-0.583227
-0.572101
-0.556603
 -0.53291
-0.493044
-0.421533
-0.297134
-0.119634
0.0634125
 0.201483
 0.285378
 0.332027
 0.357181
 0.370218
 0.376255
  0.37811
 0.377393
 0.375071
 0.371753
 0.367841
 0.363617
 0.359285
 0.355001
 0.350887
 0.347042
 0.343547
 0.340469
 0.337863
 0.335772
  0.33423
 0.333262
 0.332883
 0.333098
 0.333906
 0.335296
 0.337249
 0.339737
 0.342725
 0.346169
 0.350018
 0.354211
 0.358677
 0.363336
 0.368099
  0.37286
 0.377504
 0.381894
 0.385876
 0.389265
 0.391842
  0.39333
 0.393364
 0.391413
 0.386594
 0.377112
 0.357967
 0.306133
-0.408347
0.0485764
