  0.173187
 -0.255586
 -0.261952
 -0.264747
 -0.268838
 -0.273345
 -0.277827
 -0.282071
  -0.28599
  -0.28957
 -0.292833
 -0.295824
   -0.2986
 -0.301224
 -0.303763
 -0.306288
 -0.308867
 -0.311568
 -0.314457
 -0.317597
 -0.321049
 -0.324867
 -0.329104
 -0.333808
 -0.339023
 -0.344785
 -0.351129
 -0.358084
 -0.365675
 -0.373921
 -0.382842
 -0.392451
 -0.402764
 -0.413796
 -0.425567
 -0.438102
 -0.451436
 -0.465618
 -0.480712
 -0.496805
 -0.514006
 -0.532442
 -0.552237
 -0.573454
  -0.59593
 -0.618848
 -0.639618
 -0.651028
 -0.635108
 -0.557856
 -0.395418
 -0.186485
0.00659389
  0.150703
  0.251159
  0.322154
  0.374356
  0.414381
  0.446204
  0.472246
   0.49402
  0.512503
  0.528345
  0.541995
  0.553772
  0.563913
  0.572599
  0.579978
   0.58617
  0.591283
   0.59541
  0.598637
  0.601045
  0.602706
  0.603691
  0.604063
  0.603883
  0.603205
  0.602079
  0.600552
  0.598663
  0.596449
  0.593941
  0.591166
  0.588145
  0.584896
  0.581431
  0.577757
  0.573872
  0.569762
  0.565396
   0.56072
  0.555629
  0.549947
  0.543353
  0.535251
   0.52443
  0.508129
  0.478195
  0.401217
 -0.505996
  0.332809
