  0.359439
 -0.267968
 -0.317571
 -0.343249
 -0.362679
 -0.379208
  -0.39408
 -0.407893
  -0.42098
 -0.433534
 -0.445672
 -0.457464
 -0.468948
 -0.480146
 -0.491065
 -0.501706
 -0.512062
 -0.522124
 -0.531881
 -0.541316
 -0.550415
 -0.559157
 -0.567523
  -0.57549
 -0.583033
 -0.590129
 -0.596749
 -0.602869
 -0.608461
 -0.613501
 -0.617966
 -0.621838
 -0.625102
 -0.627752
 -0.629786
 -0.631214
 -0.632054
 -0.632334
  -0.63209
 -0.631363
 -0.630188
 -0.628576
 -0.626468
 -0.623648
  -0.61954
 -0.612751
 -0.600013
 -0.573807
   -0.5181
 -0.407678
  -0.23473
-0.0441278
  0.110105
  0.211095
   0.27212
  0.308628
  0.330603
  0.343791
   0.35149
  0.355651
  0.357479
  0.357753
  0.356994
  0.355572
  0.353756
  0.351749
  0.349712
  0.347773
  0.346037
   0.34459
  0.343503
  0.342832
  0.342625
  0.342915
  0.343727
  0.345075
  0.346966
  0.349394
  0.352348
  0.355806
  0.359737
  0.364102
  0.368852
  0.373928
  0.379263
  0.384773
  0.390365
  0.395928
  0.401333
  0.406426
  0.411022
  0.414897
  0.417768
   0.41927
  0.418904
  0.415939
  0.409172
  0.396221
  0.370685
  0.305237
 -0.478853
  0.119413
