  0.350026
 -0.166478
 -0.207035
 -0.232738
  -0.25436
 -0.273128
 -0.289844
 -0.305059
 -0.319177
 -0.332482
  -0.34518
 -0.357414
 -0.369288
 -0.380876
 -0.392235
 -0.403412
 -0.414443
  -0.42536
 -0.436192
 -0.446967
  -0.45771
 -0.468444
 -0.479193
 -0.489976
 -0.500815
 -0.511729
 -0.522735
 -0.533853
 -0.545102
 -0.556503
 -0.568082
 -0.579869
 -0.591905
 -0.604242
 -0.616948
 -0.630114
  -0.64386
 -0.658343
 -0.673769
 -0.690406
 -0.708596
 -0.728778
  -0.75149
 -0.777357
 -0.806979
 -0.840543
 -0.876644
 -0.908859
 -0.917395
 -0.858674
 -0.692882
 -0.456705
 -0.222817
-0.0410548
 0.0875608
  0.178049
  0.243338
  0.291988
  0.329373
  0.358889
  0.382729
  0.402355
   0.41877
  0.432687
  0.444622
  0.454967
  0.464022
  0.472029
  0.479181
   0.48564
  0.491544
  0.497009
  0.502136
   0.50701
  0.511706
  0.516287
  0.520804
  0.525301
  0.529808
   0.53435
   0.53894
  0.543579
  0.548262
  0.552969
  0.557669
  0.562314
   0.56684
  0.571156
  0.575141
   0.57863
  0.581393
  0.583111
   0.58333
  0.581391
  0.576306
  0.566533
   0.54946
  0.520014
  0.465221
  0.337147
 -0.803413
  0.453387
