 0.364464
-0.168214
-0.212206
-0.239542
-0.262171
-0.281708
-0.299093
 -0.31494
-0.329675
-0.343596
 -0.35691
-0.369761
-0.382248
-0.394443
-0.406398
-0.418151
-0.429734
-0.441173
-0.452488
-0.463701
 -0.47483
-0.485891
-0.496899
-0.507871
-0.518819
-0.529756
-0.540695
 -0.55165
-0.562633
-0.573664
-0.584761
-0.595954
-0.607278
-0.618783
-0.630536
-0.642623
-0.655162
-0.668306
-0.682257
-0.697274
-0.713691
 -0.73193
-0.752507
-0.776012
-0.802999
-0.833596
-0.866332
-0.894786
-0.899466
 -0.83791
-0.672107
-0.439118
-0.210378
-0.033839
0.0902564
 0.176952
 0.239027
 0.284896
 0.319835
 0.347168
 0.369044
 0.386895
 0.401704
 0.414169
 0.424801
 0.433983
 0.442012
 0.449124
 0.455512
 0.461334
 0.466724
 0.471795
 0.476644
 0.481354
 0.485995
 0.490623
 0.495286
 0.500022
 0.504856
 0.509806
 0.514878
 0.520067
 0.525359
 0.530727
  0.53613
 0.541511
 0.546794
 0.551874
 0.556617
  0.56084
 0.564295
 0.566643
 0.567407
 0.565908
 0.561147
 0.551585
 0.534649
 0.505386
 0.451169
 0.325177
  -0.7941
 0.429636
