  0.180741
 -0.236069
 -0.243907
  -0.24902
 -0.255471
 -0.262156
 -0.268644
 -0.274762
 -0.280471
 -0.285787
 -0.290752
 -0.295422
 -0.299857
 -0.304122
 -0.308281
 -0.312402
 -0.316548
 -0.320784
 -0.325172
 -0.329772
 -0.334642
 -0.339836
 -0.345404
 -0.351395
  -0.35785
  -0.36481
 -0.372309
 -0.380378
 -0.389045
 -0.398334
  -0.40827
 -0.418873
 -0.430167
 -0.442179
 -0.454942
 -0.468499
 -0.482907
 -0.498243
 -0.514609
  -0.53214
 -0.551009
 -0.571428
 -0.593637
 -0.617862
  -0.64416
 -0.672013
 -0.699186
 -0.718711
 -0.712073
 -0.642317
 -0.480441
 -0.264015
-0.0583954
  0.097981
   0.20821
  0.286541
  0.344217
  0.388385
  0.423405
  0.451968
  0.475775
  0.495936
  0.513196
  0.528074
  0.540942
  0.552075
  0.561686
  0.569947
  0.576998
  0.582961
  0.587942
  0.592036
  0.595332
  0.597909
  0.599841
  0.601196
  0.602036
  0.602419
  0.602395
  0.602011
  0.601305
  0.600313
  0.599064
  0.597582
  0.595886
  0.593988
  0.591893
  0.589601
  0.587098
  0.584356
  0.581324
  0.577916
  0.573988
  0.569297
  0.563423
  0.555605
  0.544351
  0.526366
  0.492221
  0.404592
 -0.567103
  0.386362
