  0.383482
  -0.34723
 -0.402501
 -0.426667
 -0.442743
 -0.455618
 -0.466886
 -0.477226
 -0.486965
 -0.496273
 -0.505241
 -0.513915
 -0.522316
 -0.530451
 -0.538316
 -0.545902
 -0.553193
 -0.560174
 -0.566823
 -0.573118
 -0.579034
  -0.58454
 -0.589607
 -0.594199
 -0.598277
 -0.601803
 -0.604731
 -0.607017
 -0.608611
 -0.609464
 -0.609524
  -0.60874
 -0.607059
 -0.604425
 -0.600781
 -0.596065
 -0.590206
 -0.583119
 -0.574691
 -0.564765
 -0.553112
  -0.53938
 -0.523005
 -0.503059
 -0.477958
 -0.444904
 -0.398841
  -0.33067
 -0.225758
-0.0706235
  0.119327
  0.290214
  0.397763
  0.448385
  0.466801
  0.469628
  0.465136
  0.457216
  0.447726
  0.437592
  0.427294
  0.417099
  0.407163
  0.397587
   0.38844
  0.379776
  0.371641
   0.36407
  0.357097
  0.350748
  0.345046
  0.340006
  0.335639
  0.331948
  0.328932
   0.32658
  0.324875
  0.323795
  0.323309
   0.32338
  0.323965
  0.325012
  0.326466
  0.328262
  0.330331
  0.332596
  0.334974
  0.337377
  0.339709
  0.341868
   0.34375
  0.345244
  0.346234
  0.346599
  0.346203
  0.344873
  0.342315
  0.337845
  0.329163
  0.301462
 -0.284357
-0.0991245
