    0.366891
   -0.321569
     -0.3737
   -0.397862
    -0.41484
   -0.428865
   -0.441353
   -0.452923
   -0.463882
   -0.474396
   -0.484557
   -0.494412
   -0.503985
   -0.513284
   -0.522306
   -0.531045
   -0.539487
   -0.547617
   -0.555416
   -0.562862
   -0.569933
   -0.576603
   -0.582842
   -0.588619
   -0.593902
   -0.598653
   -0.602834
   -0.606405
   -0.609325
   -0.611553
   -0.613046
   -0.613764
   -0.613667
   -0.612716
   -0.610873
   -0.608101
    -0.60436
   -0.599603
   -0.593769
   -0.586769
   -0.578464
   -0.568626
   -0.556867
   -0.542503
   -0.524296
   -0.499939
   -0.465005
   -0.410984
   -0.322877
   -0.183401
-0.000176387
    0.176208
    0.298521
    0.365419
    0.397691
    0.411481
    0.415589
    0.414506
    0.410563
    0.405024
    0.398612
    0.391763
    0.384756
    0.377783
    0.370979
     0.36445
     0.35828
    0.352537
    0.347276
    0.342546
    0.338384
    0.334821
    0.331877
    0.329568
    0.327898
    0.326867
    0.326464
    0.326671
    0.327465
    0.328812
    0.330672
    0.332999
    0.335737
    0.338825
    0.342191
    0.345758
    0.349438
    0.353137
    0.356747
    0.360152
    0.363224
    0.365819
    0.367773
    0.368896
    0.368945
    0.367581
    0.364232
    0.357681
    0.344316
    0.305348
   -0.342115
   -0.024776
