 0.411687
-0.369754
-0.429982
-0.455005
-0.470626
-0.482575
-0.492717
-0.501839
-0.510319
 -0.51835
-0.526035
-0.533426
 -0.54055
-0.547414
-0.554017
-0.560349
-0.566397
-0.572144
-0.577568
-0.582646
 -0.58735
-0.591651
-0.595515
-0.598905
-0.601779
-0.604092
-0.605797
-0.606842
-0.607173
-0.606731
-0.605457
-0.603288
-0.600157
-0.595994
-0.590723
-0.584257
-0.576495
-0.567313
-0.556548
-0.543976
 -0.52928
-0.511983
-0.491354
-0.466222
 -0.43466
-0.393387
-0.336711
-0.254911
-0.133602
0.0371819
 0.234578
  0.40129
  0.49557
 0.531203
 0.536772
 0.529425
 0.516967
 0.502736
 0.488147
 0.473806
 0.459965
 0.446727
 0.434131
 0.422191
 0.410911
 0.400297
 0.390356
 0.381094
  0.37252
 0.364643
 0.357468
    0.351
 0.345236
 0.340173
 0.335799
 0.332098
 0.329047
 0.326619
 0.324777
 0.323482
 0.322686
 0.322338
 0.322378
 0.322743
 0.323364
 0.324166
 0.325069
 0.325992
 0.326846
 0.327545
 0.327998
 0.328121
  0.32783
 0.327056
 0.325737
 0.323825
 0.321248
 0.317767
 0.312238
 0.293365
-0.239174
-0.172513
