   0.2012
-0.216073
 -0.22782
-0.236287
-0.245593
-0.254704
-0.263308
 -0.27134
 -0.27883
-0.285847
-0.292464
-0.298753
-0.304783
-0.310623
-0.316335
-0.321983
-0.327627
-0.333328
-0.339143
-0.345128
-0.351338
-0.357822
 -0.36463
-0.371806
-0.379393
-0.387428
-0.395946
 -0.40498
-0.414559
-0.424709
-0.435458
-0.446833
-0.458863
-0.471585
-0.485043
-0.499295
-0.514416
-0.530507
-0.547701
-0.566173
-0.586149
-0.607911
-0.631796
-0.658158
-0.687236
 -0.71875
-0.750741
-0.776422
-0.776801
-0.712491
-0.550382
-0.327337
-0.111286
0.0550555
 0.173079
  0.25715
 0.319019
 0.366282
 0.403626
 0.433968
 0.459167
 0.480443
 0.498623
 0.514283
  0.52784
 0.539604
 0.549813
  0.55866
 0.566301
  0.57287
 0.578485
 0.583248
 0.587253
 0.590586
 0.593323
 0.595535
 0.597285
 0.598631
 0.599623
 0.600307
 0.600719
 0.600893
 0.600855
 0.600624
 0.600213
 0.599627
 0.598865
 0.597913
 0.596744
 0.595309
 0.593533
 0.591291
 0.588387
   0.5845
 0.579093
 0.571222
 0.559096
 0.538875
 0.499913
 0.401199
 -0.63022
  0.42902
