 0.229907
-0.197447
-0.214649
 -0.22699
-0.239316
-0.250875
-0.261558
-0.271431
-0.280616
-0.289237
-0.297402
-0.305205
-0.312724
-0.320031
 -0.32719
-0.334259
-0.341296
-0.348355
 -0.35549
-0.362751
-0.370187
-0.377846
 -0.38577
-0.394003
-0.402584
-0.411548
-0.420929
-0.430758
-0.441065
-0.451877
-0.463224
-0.475136
-0.487648
-0.500802
-0.514653
-0.529269
 -0.54474
-0.561187
-0.578767
-0.597688
-0.618215
-0.640688
-0.665518
 -0.69316
 -0.72399
-0.757906
-0.793162
-0.823094
-0.828328
-0.767616
-0.604792
-0.376345
-0.152243
0.0215878
 0.145325
 0.233481
  0.29823
 0.347525
 0.386313
 0.417692
 0.443644
 0.465479
 0.484087
 0.500092
 0.513946
 0.525987
 0.536474
 0.545615
 0.553582
 0.560519
  0.56655
 0.571784
 0.576321
 0.580248
 0.583643
  0.58658
  0.58912
 0.591322
 0.593233
 0.594896
 0.596348
 0.597615
 0.598719
 0.599675
 0.600487
 0.601154
 0.601661
 0.601983
 0.602073
 0.601861
 0.601239
 0.600041
 0.598011
 0.594743
 0.589576
 0.581381
 0.568079
 0.545335
 0.501446
 0.392247
-0.689691
 0.459785
