   0.262115
  -0.181648
  -0.204988
  -0.221265
  -0.236497
  -0.250351
  -0.262955
  -0.274517
  -0.285248
  -0.295329
  -0.304902
  -0.314078
  -0.322948
  -0.331586
  -0.340055
  -0.348411
  -0.356706
   -0.36499
   -0.37331
  -0.381711
  -0.390236
  -0.398927
  -0.407823
  -0.416963
   -0.42638
  -0.436109
  -0.446179
   -0.45662
   -0.46746
  -0.478727
   -0.49045
  -0.502661
    -0.5154
  -0.528712
  -0.542658
  -0.557314
  -0.572785
  -0.589203
  -0.606744
  -0.625641
  -0.646189
  -0.668769
  -0.693846
  -0.721947
  -0.753546
  -0.788668
  -0.825711
  -0.858099
  -0.866194
   -0.80748
  -0.643761
  -0.411398
  -0.181797
-0.00303455
   0.124309
   0.214899
   0.281227
   0.331511
   0.370888
   0.402585
   0.428677
   0.450539
   0.469107
   0.485041
    0.49882
   0.510802
   0.521263
   0.530425
   0.538468
   0.545543
   0.551782
   0.557298
   0.562191
   0.566553
   0.570461
   0.573988
   0.577196
    0.58014
   0.582865
   0.585411
   0.587809
   0.590083
   0.592248
    0.59431
   0.596267
   0.598107
   0.599803
   0.601313
   0.602571
   0.603483
   0.603906
   0.603629
   0.602334
   0.599531
   0.594441
   0.585764
   0.571173
   0.545934
   0.497529
   0.379391
  -0.740498
   0.478384
