  0.293718
  -0.16969
 -0.199133
 -0.219053
  -0.23687
 -0.252734
 -0.267012
 -0.280048
 -0.292133
 -0.303494
 -0.314303
 -0.324688
 -0.334747
 -0.344556
 -0.354177
 -0.363662
 -0.373059
 -0.382412
 -0.391761
 -0.401144
   -0.4106
 -0.420164
 -0.429869
 -0.439748
 -0.449831
 -0.460147
 -0.470723
 -0.481584
 -0.492757
 -0.504268
 -0.516145
  -0.52842
 -0.541135
 -0.554338
 -0.568093
 -0.582483
 -0.597619
 -0.613645
 -0.630749
 -0.649177
  -0.66925
 -0.691371
 -0.716041
 -0.743833
 -0.775278
 -0.810482
 -0.847932
 -0.881111
  -0.89025
 -0.832166
 -0.667621
 -0.433024
 -0.200568
-0.0194439
  0.109422
  0.200829
  0.267476
  0.317748
  0.356898
  0.388234
  0.413889
  0.435278
   0.45337
  0.468847
  0.482206
  0.493819
  0.503974
  0.512901
  0.520786
  0.527787
  0.534037
  0.539653
  0.544737
  0.549379
  0.553657
  0.557641
  0.561391
  0.564958
  0.568386
  0.571708
  0.574952
  0.578134
  0.581262
  0.584337
  0.587346
  0.590264
  0.593053
  0.595654
  0.597981
  0.599912
  0.601271
  0.601805
  0.601136
  0.598697
  0.593605
  0.584426
  0.568645
  0.541249
  0.489204
   0.36442
 -0.778749
  0.485031
