  0.790384
 -0.328629
 -0.453484
 -0.504917
 -0.530713
 -0.544003
 -0.550005
 -0.551445
 -0.549947
 -0.546546
 -0.541928
 -0.536554
 -0.530736
 -0.524692
 -0.518567
 -0.512464
 -0.506451
 -0.500575
 -0.494863
  -0.48933
 -0.483979
 -0.478805
 -0.473792
 -0.468918
  -0.46415
 -0.459449
 -0.454765
  -0.45004
 -0.445204
 -0.440176
 -0.434863
 -0.429155
 -0.422925
 -0.416024
 -0.408275
 -0.399461
  -0.38932
 -0.377518
 -0.363625
 -0.347071
 -0.327078
 -0.302551
 -0.271908
  -0.23279
 -0.181577
 -0.112594
-0.0169371
  0.118542
  0.308249
  0.548123
  0.783295
  0.940442
  0.986122
  0.965409
  0.923904
  0.881179
  0.842977
  0.810117
  0.781989
    0.7577
  0.736423
  0.717476
  0.700317
  0.684525
  0.669777
  0.655821
  0.642467
  0.629567
  0.617008
  0.604704
  0.592589
  0.580612
  0.568733
  0.556919
  0.545142
  0.533379
  0.521609
   0.50981
  0.497963
  0.486048
  0.474046
  0.461938
  0.449706
  0.437336
  0.424814
  0.412127
  0.399265
  0.386218
   0.37297
  0.359497
  0.345753
  0.331658
  0.317077
  0.301796
  0.285496
  0.267724
  0.247872
  0.225129
   0.19845
  0.158132
 -0.328136
 -0.462247
