  0.321618
 -0.162201
 -0.197186
 -0.220212
 -0.240153
 -0.257653
 -0.273299
 -0.287549
 -0.300759
 -0.313193
 -0.325044
 -0.336452
 -0.347518
 -0.358318
 -0.368914
 -0.379353
 -0.389678
 -0.399925
 -0.410128
  -0.42032
 -0.430532
 -0.440792
 -0.451129
 -0.461568
 -0.472134
 -0.482851
 -0.493741
 -0.504827
  -0.51613
 -0.527673
 -0.539485
 -0.551596
 -0.564045
 -0.576883
 -0.590176
 -0.604011
   -0.6185
 -0.633794
 -0.650089
 -0.667639
 -0.686774
 -0.707911
 -0.731565
 -0.758328
 -0.788758
 -0.822991
 -0.859551
 -0.891964
 -0.900472
 -0.841819
 -0.676685
 -0.441646
 -0.209006
-0.0280692
  0.100277
  0.190934
   0.25669
  0.305994
  0.344145
  0.374482
  0.399162
  0.419616
  0.436828
  0.451492
  0.464114
  0.475073
  0.484664
   0.49312
  0.500632
  0.507359
  0.513437
  0.518982
  0.524097
  0.528868
  0.533373
  0.537679
  0.541842
   0.54591
  0.549921
  0.553904
  0.557879
  0.561858
  0.565841
  0.569819
  0.573771
   0.57766
  0.581434
  0.585017
  0.588305
   0.59115
  0.593345
  0.594597
   0.59448
  0.592364
  0.587287
  0.577724
  0.561046
  0.532103
  0.477651
   0.34901
 -0.801841
  0.480223
