  0.343835
   -0.1595
 -0.199142
 -0.224593
  -0.24612
 -0.264832
 -0.281502
 -0.296677
 -0.310759
 -0.324038
 -0.336717
 -0.348942
 -0.360816
 -0.372414
 -0.383791
 -0.394992
 -0.406053
 -0.417004
 -0.427872
 -0.438684
 -0.449463
 -0.460231
  -0.47101
 -0.481819
 -0.492677
 -0.503601
  -0.51461
  -0.52572
 -0.536949
 -0.548318
 -0.559848
 -0.571571
 -0.583523
 -0.595754
 -0.608329
 -0.621335
 -0.634886
 -0.649134
 -0.664274
 -0.680563
 -0.698329
  -0.71799
 -0.740057
 -0.765115
 -0.793712
 -0.825968
   -0.8604
 -0.890552
 -0.896827
 -0.836485
 -0.671059
 -0.437392
 -0.207227
-0.0289873
 0.0968416
  0.185226
  0.248924
  0.296348
  0.332766
  0.361503
  0.384702
  0.403792
  0.419751
  0.433274
  0.444866
  0.454908
  0.463696
  0.471463
    0.4784
  0.484667
  0.490397
  0.495707
  0.500694
  0.505446
  0.510035
  0.514523
  0.518965
  0.523401
  0.527866
  0.532381
  0.536962
  0.541612
  0.546324
  0.551081
   0.55585
  0.560586
  0.565222
  0.569669
  0.573802
  0.577453
   0.58039
  0.582288
  0.582684
  0.580905
  0.575945
  0.566232
  0.549108
  0.519421
  0.464023
  0.334565
 -0.808439
  0.464604
