 0.359447
-0.161682
-0.204946
-0.232084
-0.254632
-0.274111
-0.291445
 -0.30724
-0.321928
-0.335807
-0.349087
-0.361911
 -0.37438
-0.386565
-0.398518
-0.410275
-0.421867
-0.433319
-0.444651
-0.455881
-0.467026
-0.478103
-0.489125
-0.500105
-0.511056
 -0.52199
-0.532918
-0.543851
-0.554804
 -0.56579
 -0.57683
-0.587949
-0.599181
-0.610574
-0.622189
-0.634111
-0.646451
-0.659356
-0.673019
-0.687687
-0.703681
  -0.7214
-0.741335
-0.764038
-0.790009
 -0.81931
-0.850392
-0.876802
-0.879236
-0.816056
-0.650583
 -0.42004
-0.194951
-0.021876
0.0994764
   0.1841
 0.244606
 0.289266
 0.323251
 0.349814
 0.371057
 0.388376
 0.402734
 0.414809
   0.4251
  0.43398
 0.441741
 0.448614
 0.454785
 0.460411
 0.465624
 0.470535
  0.47524
 0.479819
 0.484343
 0.488869
 0.493445
 0.498107
 0.502881
 0.507787
  0.51283
 0.518007
 0.523304
 0.528694
 0.534138
 0.539578
 0.544936
 0.550111
 0.554963
 0.559308
 0.562895
 0.565378
 0.566274
 0.564889
 0.560206
  0.55066
 0.533639
 0.504119
 0.449333
 0.322128
-0.798349
 0.438902
