   0.368449
  -0.168675
  -0.214517
  -0.242617
  -0.265631
  -0.285442
   -0.30308
   -0.31919
  -0.334211
   -0.34844
  -0.362083
  -0.375278
   -0.38812
  -0.400674
  -0.412984
  -0.425082
  -0.436991
   -0.44873
  -0.460313
  -0.471751
  -0.483054
  -0.494232
  -0.505291
  -0.516239
  -0.527081
  -0.537822
  -0.548469
  -0.559026
    -0.5695
  -0.579903
  -0.590248
  -0.600556
  -0.610857
  -0.621192
  -0.631618
  -0.642216
  -0.653089
  -0.664375
  -0.676257
  -0.688967
  -0.702803
  -0.718136
  -0.735413
  -0.755125
   -0.77769
  -0.803056
  -0.829557
  -0.850707
  -0.847621
  -0.780334
  -0.614902
   -0.38909
  -0.171581
-0.00607822
   0.108876
    0.18828
   0.244485
   0.285525
   0.316397
   0.340239
    0.35907
   0.374237
   0.386663
   0.397002
   0.405735
   0.413222
   0.419745
   0.425526
   0.430747
   0.435558
   0.440084
   0.444433
   0.448695
   0.452945
   0.457248
   0.461655
   0.466208
   0.470938
   0.475864
   0.480999
   0.486341
   0.491882
   0.497598
   0.503456
   0.509408
   0.515387
   0.521308
   0.527057
   0.532486
     0.5374
   0.541537
   0.544546
   0.545936
   0.545021
   0.540806
    0.53178
   0.515445
   0.487026
   0.434385
   0.312355
  -0.772347
   0.403898
