 0.371572
-0.180275
-0.227756
-0.256157
-0.279126
 -0.29886
-0.316461
-0.332587
-0.347671
   -0.362
-0.375768
-0.389102
-0.402089
-0.414786
-0.427231
-0.439448
-0.451455
-0.463263
 -0.47488
 -0.48631
-0.497558
-0.508627
-0.519515
-0.530225
-0.540755
-0.551104
-0.561271
-0.571255
-0.581058
-0.590682
-0.600137
-0.609438
-0.618607
-0.627679
-0.636706
-0.645756
-0.654923
-0.664334
-0.674151
-0.684584
-0.695898
-0.708418
-0.722528
-0.738629
-0.757012
-0.777463
-0.798126
-0.812444
 -0.80205
-0.729205
-0.563669
-0.343964
 -0.13638
0.0192333
 0.125923
 0.198689
 0.249518
 0.286108
 0.313215
 0.333809
 0.349798
 0.362448
 0.372631
 0.380962
 0.387895
  0.39377
 0.398853
 0.403354
 0.407445
 0.411268
  0.41494
 0.418562
 0.422217
 0.425974
  0.42989
 0.434011
 0.438372
 0.442997
 0.447899
 0.453084
 0.458543
 0.464262
  0.47021
 0.476346
 0.482616
 0.488947
 0.495245
 0.501392
 0.507234
 0.512573
 0.517146
 0.520605
 0.522475
 0.522099
 0.518534
 0.510366
 0.495276
 0.468832
 0.419748
  0.30553
-0.731999
 0.360427
