  0.370105
 -0.196166
 -0.244529
 -0.272673
 -0.295152
 -0.314443
 -0.331694
 -0.347557
 -0.362446
 -0.376631
 -0.390287
 -0.403531
 -0.416437
 -0.429054
  -0.44141
 -0.453525
 -0.465409
 -0.477067
 -0.488501
  -0.49971
 -0.510692
 -0.521442
 -0.531956
 -0.542227
 -0.552248
 -0.562011
 -0.571508
 -0.580733
 -0.589679
 -0.598344
 -0.606729
 -0.614841
 -0.622696
  -0.63032
 -0.637754
 -0.645056
 -0.652304
 -0.659606
 -0.667101
 -0.674965
 -0.683418
 -0.692725
 -0.703183
 -0.715073
 -0.728519
  -0.74308
 -0.756644
 -0.762518
 -0.742932
 -0.662888
 -0.496814
 -0.284292
-0.0887428
   0.05482
  0.151482
  0.216262
  0.260692
  0.292048
  0.314775
   0.33163
  0.344373
  0.354171
  0.361823
  0.367896
  0.372805
  0.376864
  0.380317
  0.383359
  0.386149
  0.388815
  0.391468
  0.394196
  0.397077
  0.400171
  0.403528
  0.407187
  0.411175
  0.415509
  0.420196
  0.425234
  0.430611
  0.436301
  0.442272
  0.448475
   0.45485
   0.46132
  0.467787
  0.474131
  0.480196
  0.485789
  0.490655
  0.494463
  0.496768
  0.496963
  0.494187
   0.48716
  0.473788
  0.450071
  0.405757
  0.301602
 -0.679486
  0.309381
