  0.365759
 -0.215914
 -0.264647
 -0.292105
 -0.313734
 -0.332272
 -0.348896
 -0.364241
 -0.378696
 -0.392504
 -0.405824
 -0.418754
 -0.431359
 -0.443675
 -0.455726
 -0.467522
 -0.479069
 -0.490364
 -0.501406
 -0.512187
 -0.522699
 -0.532933
 -0.542878
  -0.55252
 -0.561847
 -0.570844
 -0.579497
 -0.587792
 -0.595716
 -0.603259
 -0.610414
  -0.61718
 -0.623564
 -0.629581
  -0.63526
 -0.640642
 -0.645789
 -0.650784
 -0.655734
 -0.660774
 -0.666069
 -0.671805
  -0.67817
 -0.685296
 -0.693093
 -0.700836
 -0.706077
 -0.701913
 -0.671214
 -0.582183
 -0.414848
  -0.21022
-0.0284834
  0.101114
  0.186158
   0.24173
  0.278835
  0.304248
  0.322043
  0.334719
   0.34386
  0.350508
  0.355377
  0.358971
  0.361658
   0.36372
  0.365375
  0.366795
  0.368124
  0.369476
   0.37095
  0.372625
  0.374567
  0.376828
  0.379451
  0.382466
  0.385892
  0.389741
  0.394011
  0.398695
  0.403772
  0.409214
   0.41498
  0.421019
  0.427266
   0.43364
  0.440044
  0.446356
  0.452428
  0.458073
  0.463056
  0.467071
  0.469719
   0.47046
  0.468538
  0.462836
  0.451529
   0.43111
  0.392516
  0.300212
 -0.617457
  0.251699
