 0.360561
-0.238948
 -0.28783
-0.314328
-0.334842
-0.352382
-0.368146
 -0.38275
-0.396551
-0.409769
-0.422539
-0.434945
-0.447038
-0.458846
-0.470384
-0.481656
-0.492662
-0.503395
-0.513848
-0.524008
-0.533862
-0.543397
-0.552594
-0.561436
-0.569904
-0.577976
-0.585632
-0.592851
-0.599613
  -0.6059
-0.611696
-0.616991
 -0.62178
-0.626068
-0.629866
-0.633199
-0.636107
-0.638643
-0.640877
-0.642895
-0.644792
-0.646663
-0.648567
-0.650454
-0.651981
-0.652078
-0.647879
-0.632192
-0.588531
 -0.48868
-0.319108
-0.122676
0.0439064
 0.157982
 0.230082
 0.275421
 0.304426
 0.323306
 0.335714
 0.343853
 0.349103
 0.352364
 0.354248
 0.355186
 0.355494
 0.355412
 0.355128
  0.35479
  0.35452
  0.35442
 0.354572
 0.355045
 0.355892
 0.357159
 0.358877
 0.361069
 0.363746
 0.366912
  0.37056
 0.374675
 0.379231
 0.384194
 0.389519
  0.39515
  0.40102
 0.407048
 0.413136
 0.419167
 0.425002
 0.430467
  0.43535
 0.439383
 0.442222
 0.443407
 0.442305
 0.437984
 0.428918
 0.412147
 0.379908
 0.300716
-0.548926
 0.188364
