  0.356815
 -0.264521
 -0.313667
 -0.339108
 -0.358352
 -0.374717
 -0.389438
 -0.403112
 -0.416067
   -0.4285
 -0.440525
  -0.45221
 -0.463596
 -0.474701
 -0.485533
 -0.496091
 -0.506369
 -0.516357
 -0.526042
 -0.535408
 -0.544438
 -0.553111
 -0.561408
 -0.569303
 -0.576772
 -0.583789
 -0.590326
 -0.596356
 -0.601849
 -0.606781
 -0.611127
 -0.614865
  -0.61798
 -0.620461
 -0.622303
 -0.623512
   -0.6241
 -0.624088
 -0.623502
 -0.622371
 -0.620713
 -0.618518
 -0.615696
  -0.61199
 -0.606766
 -0.598554
 -0.583996
  -0.55552
 -0.497262
 -0.384848
 -0.211887
-0.0235238
  0.127091
  0.224557
  0.282755
  0.317113
  0.337453
  0.349377
  0.356077
  0.359433
  0.360598
  0.360315
  0.359083
  0.357252
  0.355076
  0.352752
   0.35043
  0.348234
  0.346264
  0.344601
  0.343314
  0.342457
  0.342076
  0.342201
  0.342858
  0.344059
   0.34581
  0.348104
   0.35093
  0.354266
  0.358081
  0.362335
  0.366979
  0.371956
  0.377196
  0.382617
  0.388126
  0.393612
  0.398944
  0.403969
  0.408501
  0.412315
  0.415125
  0.416565
  0.416133
  0.413096
  0.406249
   0.39321
  0.367594
  0.302183
 -0.477209
  0.120394
