  0.357079
 -0.291648
 -0.341563
 -0.366052
 -0.383993
 -0.399091
  -0.41264
 -0.425232
 -0.437179
 -0.448654
 -0.459757
 -0.470543
 -0.481042
 -0.491267
 -0.501218
 -0.510891
 -0.520274
 -0.529355
 -0.538116
 -0.546538
 -0.554601
  -0.56228
 -0.569549
 -0.576382
 -0.582746
 -0.588611
 -0.593942
 -0.598705
 -0.602864
 -0.606386
 -0.609235
 -0.611379
 -0.612791
 -0.613443
 -0.613314
 -0.612385
 -0.610641
 -0.608066
 -0.604639
 -0.600325
 -0.595059
 -0.588711
 -0.581034
 -0.571539
 -0.559273
 -0.542321
 -0.516766
 -0.474576
 -0.400444
 -0.273975
-0.0964031
 0.0844256
  0.218859
  0.299196
  0.342985
  0.365961
  0.377341
  0.382097
   0.38294
  0.381407
  0.378413
  0.374532
   0.37014
  0.365502
  0.360808
  0.356203
  0.351802
  0.347698
  0.343966
  0.340671
  0.337864
  0.335585
  0.333868
  0.332734
  0.332198
  0.332264
  0.332929
  0.334182
  0.336002
  0.338364
  0.341229
  0.344556
  0.348292
  0.352375
  0.356737
  0.361296
  0.365963
  0.370633
  0.375189
  0.379497
  0.383399
  0.386712
  0.389216
  0.390634
    0.3906
  0.388584
  0.383707
  0.374183
  0.355039
  0.303402
 -0.405938
 0.0488592
