  0.754264
  -0.30943
 -0.427483
 -0.477188
 -0.503011
 -0.516973
 -0.523845
 -0.526135
 -0.525362
 -0.522521
  -0.51829
  -0.51314
 -0.507405
 -0.501325
 -0.495072
 -0.488772
 -0.482516
  -0.47637
 -0.470381
 -0.464581
 -0.458988
 -0.453609
 -0.448441
 -0.443474
 -0.438686
 -0.434045
 -0.429512
 -0.425035
 -0.420554
 -0.415995
  -0.41127
 -0.406278
 -0.400898
 -0.394988
 -0.388377
  -0.38086
 -0.372181
 -0.362021
 -0.349966
 -0.335469
 -0.317782
 -0.295857
 -0.268175
 -0.232473
 -0.185269
 -0.121095
-0.0313203
 0.0969061
  0.278029
  0.509415
  0.739552
  0.897134
  0.947956
  0.933852
  0.898507
  0.861057
  0.827317
  0.798271
  0.773451
  0.752074
   0.73339
   0.71677
  0.701713
  0.687824
  0.674799
  0.662403
  0.650456
   0.63882
  0.627391
  0.616088
  0.604854
  0.593643
  0.582422
  0.571166
  0.559856
  0.548477
  0.537015
   0.52546
  0.513801
  0.502031
   0.49014
  0.478121
  0.465968
  0.453674
  0.441235
  0.428644
  0.415896
  0.402977
  0.389869
  0.376536
   0.36292
  0.348927
  0.334412
  0.319156
   0.30284
  0.285004
  0.264991
  0.241787
  0.213611
  0.168329
 -0.355086
 -0.399178
