  0.364111
 -0.319046
 -0.370675
  -0.39455
   -0.4113
 -0.425128
 -0.437438
 -0.448843
  -0.45965
 -0.470023
  -0.48005
 -0.489779
 -0.499234
  -0.50842
 -0.517336
 -0.525972
 -0.534316
 -0.542351
 -0.550058
 -0.557414
 -0.564396
 -0.570976
 -0.577126
 -0.582812
    -0.588
 -0.592653
 -0.596731
 -0.600192
 -0.602995
 -0.605097
 -0.606452
 -0.607019
 -0.606754
 -0.605616
 -0.603564
 -0.600555
 -0.596543
 -0.591474
 -0.585277
  -0.57785
 -0.569039
 -0.558591
 -0.546087
 -0.530798
 -0.511428
 -0.485589
 -0.448758
 -0.392364
 -0.301574
 -0.159959
 0.0233937
  0.197582
  0.316244
  0.379555
  0.408938
  0.420526
  0.422959
  0.420579
  0.415612
  0.409248
  0.402157
  0.394739
  0.387248
  0.379857
  0.372688
  0.365837
  0.359378
  0.353373
  0.347876
  0.342927
  0.338564
  0.334812
  0.331692
  0.329216
  0.327389
  0.326207
  0.325659
  0.325728
  0.326388
  0.327605
   0.32934
  0.331545
  0.334165
  0.337137
  0.340392
  0.343851
  0.347426
  0.351024
  0.354536
  0.357848
   0.36083
  0.363338
  0.365211
  0.366258
  0.366239
  0.364819
  0.361433
  0.354878
  0.341584
  0.302941
  -0.33908
-0.0250314
