  0.380649
 -0.345103
 -0.399859
  -0.42372
 -0.439554
 -0.452218
 -0.463297
 -0.473464
 -0.483042
 -0.492199
 -0.501025
 -0.509565
 -0.517839
 -0.525853
 -0.533602
 -0.541077
 -0.548262
 -0.555139
 -0.561688
 -0.567884
 -0.573701
  -0.57911
 -0.584078
  -0.58857
 -0.592546
 -0.595965
 -0.598783
  -0.60095
 -0.602419
 -0.603138
 -0.603053
  -0.60211
 -0.600253
 -0.597424
 -0.593563
 -0.588603
 -0.582466
 -0.575058
 -0.566259
 -0.555898
 -0.543729
 -0.529375
 -0.512242
 -0.491358
 -0.465075
 -0.430517
 -0.382527
 -0.311943
 -0.204296
-0.0469628
  0.143164
  0.311877
  0.415767
  0.462781
  0.478288
  0.478896
  0.472714
  0.463486
  0.452964
  0.441996
  0.431014
  0.420246
  0.409823
  0.399827
  0.390313
  0.381325
  0.372899
  0.365068
  0.357857
   0.35129
  0.345386
  0.340158
  0.335615
  0.331758
  0.328584
  0.326081
  0.324232
  0.323013
  0.322392
  0.322333
   0.32279
  0.323713
  0.325046
  0.326724
  0.328677
  0.330829
  0.333097
  0.335392
  0.337619
  0.339678
  0.341463
  0.342864
  0.343767
  0.344053
   0.34359
  0.342209
  0.339629
  0.335183
  0.326622
  0.299341
  -0.28086
-0.0997891
