 0.408881
-0.367958
-0.427675
-0.452385
-0.467755
-0.479484
-0.489428
-0.498369
 -0.50668
-0.514552
-0.522087
-0.529337
-0.536326
-0.543062
-0.549542
-0.555756
 -0.56169
-0.567326
-0.572642
-0.577613
-0.582212
-0.586408
-0.590166
-0.593448
-0.596212
-0.598412
-0.599999
-0.600919
-0.601118
-0.600535
-0.599108
-0.596773
-0.593461
-0.589098
-0.583603
-0.576886
-0.568839
 -0.55933
-0.548187
-0.535173
-0.519953
-0.502027
-0.480631
 -0.45455
-0.421793
-0.378999
-0.320374
-0.236132
-0.112049
0.0609801
 0.258594
 0.423155
 0.513778
 0.545794
 0.548441
 0.538863
 0.524707
 0.509161
 0.493535
 0.478357
 0.463828
 0.450015
  0.43693
 0.424568
 0.412921
 0.401982
 0.391751
 0.382228
 0.373417
 0.365322
 0.357947
 0.351291
 0.345353
 0.340124
 0.335594
 0.331743
 0.328549
 0.325981
 0.324005
  0.32258
 0.321657
 0.321184
 0.321103
 0.321348
 0.321851
 0.322537
 0.323328
  0.32414
 0.324886
  0.32548
 0.325832
 0.325858
 0.325478
 0.324623
 0.323237
 0.321277
 0.318684
 0.315242
 0.309861
 0.291463
-0.235402
-0.173479
