 0.449631
-0.385766
-0.452502
-0.479129
-0.494649
-0.505797
-0.514798
-0.522602
 -0.52967
-0.536239
-0.542439
-0.548339
-0.553975
-0.559362
-0.564501
-0.569387
-0.574008
-0.578347
-0.582385
-0.586096
-0.589453
-0.592424
-0.594973
-0.597061
-0.598643
-0.599671
 -0.60009
-0.599844
-0.598871
-0.597105
-0.594476
-0.590908
-0.586321
-0.580625
-0.573724
-0.565501
-0.555823
-0.544518
-0.531366
 -0.51607
-0.498207
-0.477164
-0.452013
-0.421313
-0.382746
-0.332485
-0.264122
-0.167239
-0.027743
 0.160353
 0.365806
 0.527571
 0.606797
 0.625571
 0.616784
 0.598146
 0.576916
 0.555791
 0.535681
 0.516824
 0.499213
 0.482762
 0.467376
 0.452969
 0.439473
 0.426837
 0.415021
 0.404002
 0.393759
  0.38428
 0.375553
 0.367567
  0.36031
 0.353766
 0.347916
 0.342737
   0.3382
 0.334272
 0.330914
 0.328082
 0.325726
 0.323792
 0.322222
 0.320951
 0.319911
  0.31903
 0.318232
  0.31744
 0.316574
 0.315556
 0.314307
 0.312757
 0.310846
 0.308529
 0.305793
 0.302664
 0.299226
 0.295584
 0.291566
  0.27891
-0.205959
-0.243672
