 0.501588
-0.397105
-0.472799
-0.502472
-0.518856
-0.529873
-0.538209
-0.545042
-0.550955
 -0.55626
-0.561132
-0.565668
-0.569923
-0.573927
 -0.57769
-0.581214
-0.584492
-0.587511
-0.590253
-0.592697
-0.594815
-0.596576
-0.597945
-0.598881
-0.599338
-0.599265
-0.598607
-0.597303
-0.595285
-0.592483
-0.588819
-0.584208
-0.578559
 -0.57177
-0.563725
 -0.55429
-0.543302
-0.530557
-0.515792
-0.498649
-0.478631
-0.455018
-0.426737
-0.392135
-0.348598
-0.291873
-0.214978
-0.106884
0.0464754
  0.24844
  0.46168
 0.621909
 0.691815
 0.699416
 0.680912
  0.65458
 0.627371
 0.601561
 0.577718
 0.555821
  0.53568
 0.517078
 0.499821
 0.483752
 0.468749
 0.454719
 0.441592
 0.429318
 0.417857
 0.407182
 0.397267
 0.388092
 0.379636
 0.371876
 0.364788
 0.358344
 0.352513
 0.347258
 0.342537
 0.338306
 0.334515
 0.331108
 0.328028
 0.325212
 0.322594
 0.320105
 0.317673
 0.315224
 0.312685
 0.309982
 0.307044
 0.303803
 0.300205
 0.296208
 0.291803
 0.287031
  0.28203
 0.277076
 0.272607
 0.262292
-0.193934
-0.307654
