  0.561155
 -0.401369
 -0.487414
 -0.521115
 -0.539065
 -0.550438
  -0.55844
 -0.564523
 -0.569427
 -0.573559
 -0.577157
 -0.580359
 -0.583249
 -0.585875
 -0.588262
 -0.590423
 -0.592359
 -0.594062
 -0.595521
 -0.596716
 -0.597623
 -0.598213
 -0.598452
 -0.598299
 -0.597709
 -0.596629
 -0.595003
 -0.592767
  -0.58985
 -0.586177
 -0.581664
 -0.576219
 -0.569741
 -0.562117
 -0.553215
 -0.542883
 -0.530934
 -0.517136
 -0.501185
 -0.482674
 -0.461038
 -0.435462
 -0.404747
 -0.367057
 -0.319516
 -0.257494
 -0.173498
-0.0559358
   0.10932
  0.323468
  0.544025
  0.703778
  0.766479
  0.765127
   0.73879
  0.706274
  0.674298
  0.644795
  0.618045
  0.593813
  0.571752
  0.551533
  0.532879
  0.515571
   0.49944
  0.484357
  0.470225
  0.456972
  0.444541
  0.432891
  0.421986
  0.411798
  0.402297
  0.393457
   0.38525
  0.377645
  0.370607
  0.364099
  0.358079
  0.352502
  0.347319
  0.342475
  0.337916
   0.33358
  0.329404
  0.325324
  0.321271
  0.317177
  0.312972
  0.308585
  0.303946
  0.298988
  0.293645
  0.287864
  0.281609
   0.27489
  0.267817
  0.260691
  0.254234
  0.243103
 -0.198271
 -0.362884
