  0.623149
 -0.398905
 -0.495811
 -0.534173
 -0.554244
  -0.56641
 -0.574408
 -0.579984
 -0.584055
 -0.587143
  -0.58956
 -0.591496
 -0.593071
 -0.594358
 -0.595402
 -0.596229
 -0.596852
 -0.597271
 -0.597482
  -0.59747
 -0.597215
 -0.596693
  -0.59587
 -0.594708
 -0.593163
 -0.591183
  -0.58871
 -0.585679
 -0.582019
 -0.577649
 -0.572482
 -0.566419
 -0.559352
 -0.551158
 -0.541692
 -0.530787
 -0.518236
  -0.50378
 -0.487084
 -0.467698
 -0.444998
 -0.418094
 -0.385677
 -0.345761
 -0.295247
 -0.229193
 -0.139666
-0.0145814
  0.160308
  0.384567
  0.611582
  0.771639
  0.829149
  0.821074
  0.788829
  0.751689
  0.716202
  0.684034
  0.655235
  0.629398
   0.60605
  0.584769
   0.56521
  0.547103
   0.53024
  0.514462
   0.49965
  0.485712
   0.47258
  0.460198
  0.448524
  0.437521
  0.427158
  0.417402
  0.408224
   0.39959
  0.391466
  0.383815
  0.376595
  0.369763
  0.363271
  0.357069
  0.351103
  0.345317
  0.339652
  0.334047
   0.32844
  0.322765
  0.316957
  0.310947
  0.304664
  0.298034
  0.290976
  0.283411
  0.275258
  0.266464
  0.257053
  0.247228
  0.237705
  0.223266
 -0.215702
 -0.407447
