 0.681946
-0.390851
 -0.49811
-0.541278
-0.563775
 -0.57704
-0.585303
-0.590593
 -0.59401
-0.596195
-0.597545
-0.598308
-0.598644
-0.598658
-0.598418
-0.597967
-0.597329
-0.596519
-0.595538
 -0.59438
-0.593031
-0.591469
-0.589667
-0.587588
-0.585191
-0.582425
-0.579233
-0.575551
-0.571305
-0.566414
-0.560786
 -0.55432
  -0.5469
-0.538396
-0.528654
-0.517492
-0.504689
-0.489964
-0.472957
-0.453181
-0.429969
-0.402368
-0.368983
-0.327708
-0.275272
-0.206481
-0.113056
0.0174988
  0.19958
   0.4316
 0.663872
 0.824702
 0.878838
 0.866165
  0.82989
 0.789658
   0.7519
 0.718082
 0.688083
 0.661363
 0.637353
 0.615559
 0.595584
 0.577116
 0.559917
 0.543805
 0.528641
 0.514319
  0.50076
   0.4879
 0.475689
 0.464087
 0.453059
  0.44257
 0.432589
 0.423084
  0.41402
 0.405362
 0.397071
 0.389105
 0.381421
 0.373972
 0.366708
 0.359579
  0.35253
 0.345506
  0.33845
 0.331301
 0.323997
 0.316472
  0.30865
 0.300449
 0.291773
 0.282507
 0.272522
 0.261681
 0.249887
 0.237168
  0.22401
 0.204636
-0.241718
-0.440228
