  0.732475
 -0.378823
 -0.494974
 -0.542576
  -0.56749
 -0.581975
 -0.590664
  -0.59583
 -0.598741
 -0.600158
 -0.600557
  -0.60025
  -0.59944
 -0.598265
 -0.596818
 -0.595162
 -0.593338
  -0.59137
 -0.589272
 -0.587045
 -0.584682
 -0.582167
 -0.579478
 -0.576584
 -0.573443
 -0.570011
 -0.566231
 -0.562039
 -0.557363
 -0.552122
 -0.546221
 -0.539557
  -0.53201
 -0.523444
 -0.513697
 -0.502579
 -0.489855
 -0.475231
 -0.458323
 -0.438622
 -0.415424
 -0.387732
  -0.35409
 -0.312303
 -0.258976
 -0.188733
-0.0930403
 0.0409034
   0.22765
  0.464909
   0.70096
  0.862733
  0.915066
  0.899758
   0.86122
  0.819353
  0.780506
  0.746009
   0.71562
  0.688708
  0.664634
  0.642854
   0.62293
  0.604523
  0.587371
  0.571273
  0.556078
  0.541668
  0.527956
  0.514871
  0.502361
  0.490381
  0.478894
  0.467866
  0.457265
  0.447061
  0.437222
  0.427714
  0.418502
  0.409548
  0.400813
  0.392255
   0.38383
  0.375492
  0.367195
  0.358887
  0.350518
  0.342033
  0.333372
  0.324471
  0.315252
  0.305624
  0.295474
  0.284655
  0.272987
  0.260248
  0.246209
   0.23068
  0.213778
  0.188702
  -0.27161
 -0.460864
