   0.77077
  -0.36459
 -0.487409
 -0.538607
 -0.565617
 -0.581235
 -0.590373
 -0.595493
 -0.597999
 -0.598753
 -0.598308
 -0.597033
 -0.595176
 -0.592907
 -0.590346
 -0.587576
 -0.584654
 -0.581618
 -0.578492
 -0.575287
 -0.572005
 -0.568636
 -0.565163
  -0.56156
 -0.557792
 -0.553815
 -0.549577
 -0.545017
 -0.540064
 -0.534636
 -0.528641
 -0.521973
  -0.51451
 -0.506112
 -0.496614
 -0.485818
 -0.473481
 -0.459299
 -0.442874
 -0.423679
  -0.40099
  -0.37378
 -0.340553
 -0.299061
 -0.245833
 -0.175383
-0.0790206
 0.0562517
  0.245123
  0.485003
  0.723161
  0.885795
  0.937666
  0.921511
  0.882352
  0.840211
  0.801384
  0.767119
  0.737101
  0.710644
  0.687067
  0.665792
   0.64636
   0.62841
  0.611665
  0.595913
  0.580992
  0.566778
  0.553178
  0.540119
  0.527544
  0.515407
  0.503671
  0.492304
  0.481275
  0.470556
  0.460118
  0.449932
  0.439966
  0.430187
  0.420562
  0.411055
  0.401627
  0.392239
   0.38285
  0.373418
  0.363895
  0.354234
   0.34438
  0.334267
   0.32382
  0.312939
  0.301496
  0.289318
  0.276179
  0.261781
  0.245769
  0.227727
  0.207331
  0.176511
 -0.301257
 -0.469513
