 0.707548
-0.299281
 -0.40841
-0.454554
-0.478818
-0.492122
-0.498777
-0.501055
-0.500344
-0.497569
 -0.49337
-0.488205
-0.482406
-0.476217
-0.469819
-0.463351
-0.456915
 -0.45059
-0.444434
-0.438491
-0.432789
-0.427348
-0.422174
-0.417264
-0.412607
-0.408181
-0.403952
 -0.39988
 -0.39591
-0.391977
-0.388001
-0.383888
-0.379526
-0.374782
-0.369496
-0.363472
-0.356471
 -0.34819
 -0.33824
-0.326104
 -0.31108
-0.292179
-0.267972
-0.236323
 -0.19394
-0.135624
-0.053119
0.0660319
 0.236305
 0.456905
  0.68065
 0.838795
 0.896164
 0.890405
  0.86275
 0.831798
 0.803477
    0.779
 0.758095
 0.740128
 0.724453
 0.710518
 0.697873
 0.686164
 0.675115
 0.664512
 0.654191
 0.644027
 0.633926
 0.623819
 0.613655
 0.603396
 0.593018
 0.582503
  0.57184
 0.561021
 0.550042
   0.5389
 0.527593
 0.516122
 0.504485
 0.492684
 0.480719
 0.468591
 0.456298
  0.44384
 0.431211
   0.4184
 0.405388
 0.392138
 0.378594
 0.364666
 0.350219
 0.335051
 0.318863
 0.301212
  0.28143
   0.2584
  0.22988
 0.182207
-0.365114
-0.342434
