  0.794161
 -0.349813
 -0.476567
 -0.530158
 -0.558674
 -0.575139
 -0.584614
 -0.589674
 -0.591816
 -0.591978
 -0.590779
 -0.588635
 -0.585832
 -0.582574
 -0.579003
 -0.575223
 -0.571308
 -0.567309
 -0.563261
 -0.559185
 -0.555092
 -0.550979
 -0.546835
 -0.542641
 -0.538367
 -0.533972
 -0.529411
 -0.524623
 -0.519541
 -0.514086
 -0.508166
 -0.501676
 -0.494494
 -0.486479
 -0.477463
 -0.467246
 -0.455579
 -0.442153
 -0.426564
 -0.408276
 -0.386553
 -0.360358
 -0.328178
 -0.287746
 -0.235562
 -0.166102
-0.0706217
 0.0639591
  0.252432
  0.492284
  0.730768
  0.894015
  0.946597
  0.931243
  0.892998
  0.851863
  0.814097
  0.780916
  0.751978
  0.726579
   0.70402
   0.68371
  0.665177
  0.648052
  0.632051
  0.616954
  0.602597
  0.588849
  0.575616
  0.562822
  0.550411
  0.538336
  0.526563
  0.515059
  0.503798
  0.492755
  0.481905
  0.471224
  0.460684
  0.450259
  0.439921
  0.429641
  0.419385
  0.409124
   0.39882
   0.38844
  0.377943
  0.367287
   0.35642
  0.345282
  0.333796
  0.321859
  0.309332
  0.296023
   0.28167
  0.265914
   0.24829
  0.228175
  0.204786
  0.168712
 -0.327528
 -0.466633
