  0.801256
 -0.335883
 -0.463573
 -0.518122
 -0.547357
 -0.564232
 -0.573814
 -0.578716
 -0.580479
 -0.580089
 -0.578207
 -0.575285
 -0.571643
 -0.567508
 -0.563046
 -0.558377
 -0.553591
 -0.548751
 -0.543905
 -0.539083
 -0.534303
 -0.529572
 -0.524885
 -0.520228
 -0.515578
   -0.5109
 -0.506152
 -0.501279
 -0.496218
 -0.490891
  -0.48521
 -0.479073
 -0.472359
 -0.464927
 -0.456611
 -0.447209
 -0.436473
 -0.424094
 -0.409666
 -0.392655
 -0.372326
 -0.347646
  -0.31711
 -0.278463
 -0.228228
 -0.160914
-0.0678224
 0.0640893
  0.249676
  0.486864
  0.723866
  0.887421
  0.941812
  0.928838
   0.89298
  0.854074
  0.818361
  0.787073
  0.759888
  0.736112
  0.715057
  0.696138
  0.678884
  0.662928
  0.647984
  0.633834
   0.62031
  0.607284
  0.594659
  0.582362
  0.570337
   0.55854
  0.546937
    0.5355
  0.524208
  0.513037
  0.501969
  0.490984
  0.480062
  0.469182
  0.458321
  0.447457
  0.436566
  0.425622
  0.414597
  0.403462
  0.392186
   0.38073
   0.36905
  0.357088
   0.34477
  0.331992
  0.318612
  0.304424
  0.289143
  0.272368
  0.253546
  0.231878
  0.206145
  0.165641
 -0.348414
 -0.452842
