  0.791811
 -0.323832
  -0.44942
 -0.503391
 -0.532448
 -0.549193
 -0.558573
 -0.563158
 -0.564488
 -0.563561
 -0.561056
  -0.55745
 -0.553081
 -0.548195
 -0.542976
 -0.537558
 -0.532042
 -0.526507
 -0.521007
 -0.515582
  -0.51026
 -0.505053
 -0.499965
 -0.494989
 -0.490107
 -0.485291
 -0.480502
 -0.475693
 -0.470803
 -0.465761
 -0.460482
 -0.454868
   -0.4488
 -0.442142
  -0.43473
 -0.426365
 -0.416805
 -0.405742
  -0.39278
 -0.377393
  -0.35886
 -0.336167
 -0.307842
 -0.271676
 -0.224264
 -0.160221
-0.0709928
 0.0563076
  0.236563
  0.468504
   0.70228
  0.865887
  0.923216
  0.914206
  0.882201
  0.846732
  0.814042
  0.785431
  0.760641
  0.739029
   0.71994
  0.702813
  0.687194
  0.672727
  0.659134
  0.646202
  0.633766
  0.621703
  0.609917
  0.598339
  0.586915
  0.575605
  0.564379
  0.553214
   0.54209
  0.530992
  0.519905
  0.508816
  0.497711
  0.486575
  0.475393
  0.464149
  0.452824
  0.441402
  0.429861
  0.418179
  0.406331
  0.394285
  0.382003
  0.369433
  0.356504
  0.343116
  0.329125
  0.314325
  0.298419
  0.280979
  0.261393
  0.238723
  0.211358
  0.167404
 -0.362961
  -0.42885
