  0.766554
 -0.314309
 -0.434892
 -0.486768
 -0.514728
 -0.530767
 -0.539599
 -0.543684
 -0.544508
  -0.54305
 -0.539986
 -0.535795
 -0.530825
 -0.525333
  -0.51951
 -0.513504
 -0.507426
 -0.501361
 -0.495374
 -0.489514
 -0.483814
 -0.478296
 -0.472969
 -0.467834
 -0.462878
  -0.45808
 -0.453408
 -0.448819
 -0.444259
 -0.439663
 -0.434949
 -0.430026
  -0.42478
  -0.41908
 -0.412768
 -0.405653
 -0.397498
 -0.388008
 -0.376798
 -0.363362
 -0.347005
 -0.326751
 -0.301182
 -0.268171
 -0.224432
 -0.164758
-0.0808395
 0.0399434
  0.212477
  0.436686
  0.665635
  0.829199
  0.890716
  0.887333
  0.860681
  0.829868
   0.80117
   0.77601
  0.754245
  0.735317
  0.718636
  0.703683
  0.690036
   0.67736
  0.665393
  0.653933
  0.642825
  0.631952
  0.621224
  0.610577
  0.599961
  0.589342
  0.578695
  0.568001
  0.557247
  0.546423
   0.53552
   0.52453
  0.513447
  0.502262
  0.490967
  0.479552
  0.468007
   0.45632
  0.444478
  0.432466
  0.420264
  0.407848
  0.395186
  0.382231
  0.368921
  0.355159
   0.34081
  0.325669
  0.309442
  0.291691
  0.271771
  0.248641
  0.220347
  0.173941
 -0.371138
 -0.395416
