  0.726992
 -0.307597
 -0.420543
 -0.468923
 -0.494921
 -0.509708
 -0.517661
 -0.521069
 -0.521324
 -0.519355
 -0.515808
 -0.511151
 -0.505727
 -0.499794
 -0.493548
 -0.487141
  -0.48069
 -0.474288
 -0.468007
 -0.461901
 -0.456011
 -0.450366
 -0.444982
 -0.439864
 -0.435009
 -0.430401
 -0.426014
 -0.421812
 -0.417747
 -0.413761
 -0.409779
 -0.405715
 -0.401464
 -0.396902
 -0.391879
 -0.386214
 -0.379683
 -0.372006
  -0.36282
 -0.351645
 -0.337825
 -0.320439
 -0.298148
 -0.268939
 -0.229697
 -0.175461
-0.0982612
 0.0141519
  0.176663
  0.390808
   0.61356
  0.777222
  0.844364
  0.848378
  0.828639
  0.803726
  0.779994
  0.759054
   0.74093
  0.725194
  0.711343
  0.698927
  0.687568
  0.676965
   0.66688
  0.657129
  0.647571
  0.638099
  0.628633
  0.619116
  0.609505
  0.599773
  0.589899
  0.579872
  0.569684
  0.559332
  0.548813
  0.538127
  0.527272
  0.516247
  0.505051
   0.49368
  0.482131
  0.470398
  0.458476
  0.446355
  0.434022
  0.421461
  0.408644
  0.395535
  0.382075
  0.368181
  0.353723
  0.338511
  0.322259
  0.304537
  0.284687
  0.261598
  0.233018
  0.185061
 -0.373646
 -0.353345
