  0.675249
 -0.303649
 -0.406703
 -0.450379
 -0.473674
 -0.486742
 -0.493542
  -0.49614
   -0.4958
  -0.49337
 -0.489448
 -0.484471
 -0.478769
 -0.472589
 -0.466125
 -0.459529
 -0.452922
 -0.446399
 -0.440038
 -0.433899
 -0.428028
 -0.422459
 -0.417216
  -0.41231
 -0.407743
 -0.403508
 -0.399584
 -0.395943
 -0.392545
 -0.389336
 -0.386253
 -0.383215
 -0.380127
 -0.376875
  -0.37332
 -0.369295
 -0.364592
 -0.358952
 -0.352039
 -0.343411
 -0.332463
 -0.318346
 -0.299822
 -0.275027
 -0.241062
 -0.193279
 -0.124137
-0.0218479
  0.128493
  0.330477
   0.54596
  0.710148
  0.784546
  0.797829
  0.786603
  0.768847
  0.751048
  0.735079
  0.721193
  0.709128
  0.698507
  0.688963
  0.680183
  0.671909
  0.663938
   0.65611
  0.648302
  0.640424
  0.632406
  0.624201
  0.615775
  0.607109
  0.598191
  0.589015
   0.57958
  0.569891
  0.559951
  0.549765
  0.539341
  0.528682
  0.517793
  0.506679
  0.495341
  0.483782
  0.471999
  0.459991
  0.447751
  0.435268
  0.422523
  0.409487
   0.39611
  0.382318
  0.367997
  0.352972
  0.336974
  0.319593
  0.300176
  0.277567
  0.249249
  0.200465
 -0.371752
 -0.303497
