  0.613928
 -0.302123
 -0.393481
 -0.431504
 -0.451529
  -0.46254
  -0.46801
 -0.469741
 -0.468838
 -0.466045
 -0.461895
 -0.456783
 -0.451008
 -0.444803
 -0.438354
 -0.431807
 -0.425282
 -0.418877
 -0.412671
 -0.406728
   -0.4011
 -0.395827
 -0.390936
 -0.386446
 -0.382365
 -0.378692
 -0.375415
 -0.372513
 -0.369951
 -0.367687
 -0.365664
 -0.363812
 -0.362045
 -0.360262
 -0.358339
 -0.356123
 -0.353428
 -0.350022
 -0.345603
 -0.339774
 -0.331994
 -0.321501
 -0.307181
 -0.287349
 -0.259367
  -0.21896
 -0.159092
-0.0685086
 0.0677568
  0.255811
  0.463321
  0.628755
  0.712187
  0.736652
  0.735527
  0.726145
  0.715203
  0.704914
  0.695815
  0.687861
  0.680826
  0.674452
  0.668503
  0.662781
  0.657121
  0.651397
  0.645511
  0.639388
  0.632977
  0.626241
  0.619159
  0.611719
  0.603918
  0.595759
  0.587249
  0.578398
  0.569217
  0.559718
  0.549914
  0.539817
  0.529437
  0.518783
  0.507865
  0.496689
   0.48526
  0.473581
  0.461651
  0.449466
  0.437013
  0.424271
    0.4112
  0.397739
  0.383787
  0.369189
  0.353702
  0.336938
  0.318263
  0.296493
  0.268856
  0.219733
 -0.367137
 -0.246791
