   0.545998
  -0.302396
  -0.380772
  -0.412505
  -0.428913
  -0.437696
  -0.441787
  -0.442693
  -0.441336
   -0.43834
  -0.434158
  -0.429131
  -0.423522
  -0.417543
  -0.411363
  -0.405122
  -0.398936
    -0.3929
  -0.387097
  -0.381592
  -0.376441
  -0.371688
  -0.367367
  -0.363501
  -0.360105
  -0.357185
  -0.354736
  -0.352743
  -0.351182
  -0.350019
  -0.349205
  -0.348683
  -0.348378
  -0.348201
  -0.348046
   -0.34778
  -0.347241
  -0.346226
  -0.344476
  -0.341648
  -0.337273
  -0.330691
  -0.320932
  -0.306518
  -0.285106
  -0.252847
  -0.203275
  -0.125717
-0.00507877
   0.167709
   0.366947
   0.534605
   0.628902
   0.666392
    0.67685
   0.676954
   0.673696
   0.669705
   0.665867
   0.662392
   0.659235
   0.656268
   0.653351
    0.65035
   0.647154
   0.643672
   0.639835
   0.635593
   0.630911
   0.625768
   0.620155
   0.614072
   0.607523
   0.600522
   0.593083
   0.585222
    0.57696
   0.568314
   0.559304
   0.549946
   0.540258
   0.530255
    0.51995
   0.509355
   0.498481
   0.487336
   0.475923
   0.464245
   0.452294
   0.440058
   0.427506
   0.414588
   0.401222
   0.387271
   0.372519
   0.356607
   0.338921
   0.318256
   0.291569
    0.24231
  -0.361802
  -0.184196
