 0.474755
-0.303564
-0.368264
-0.393429
-0.406137
 -0.41272
-0.415535
-0.415773
-0.414158
-0.411184
-0.407215
-0.402531
-0.397355
-0.391871
-0.386231
-0.380564
 -0.37498
-0.369573
-0.364423
-0.359598
-0.355157
-0.351148
-0.347608
-0.344568
-0.342049
-0.340061
-0.338608
-0.337683
 -0.33727
-0.337344
-0.337867
-0.338792
-0.340059
-0.341593
-0.343306
-0.345087
-0.346802
-0.348284
-0.349317
-0.349621
-0.348808
 -0.34633
-0.341379
-0.332702
-0.318282
-0.294735
-0.256205
 -0.19263
-0.088702
0.0680112
 0.259106
 0.430141
 0.537046
 0.589196
   0.6125
 0.623011
 0.628097
 0.630886
 0.632663
 0.633931
 0.634853
 0.635452
 0.635691
 0.635516
 0.634872
 0.633713
 0.632003
 0.629716
 0.626841
 0.623372
 0.619314
 0.614678
 0.609481
 0.603744
  0.59749
 0.590744
 0.583532
 0.575878
 0.567809
 0.559347
 0.550513
 0.541329
 0.531812
 0.521979
 0.511844
  0.50142
 0.490717
 0.479739
 0.468487
 0.456953
 0.445118
 0.432942
 0.420358
 0.407249
 0.393423
 0.378549
  0.36203
 0.342625
 0.316985
 0.267462
-0.358025
 -0.11673
