  0.403828
 -0.304446
  -0.35545
 -0.374191
 -0.383416
 -0.388049
 -0.389855
 -0.389702
 -0.388111
 -0.385445
 -0.381974
 -0.377918
 -0.373457
 -0.368747
 -0.363921
 -0.359096
 -0.354375
 -0.349847
 -0.345592
  -0.34168
  -0.33817
 -0.335113
 -0.332553
 -0.330524
 -0.329053
 -0.328157
 -0.327846
 -0.328122
 -0.328977
 -0.330394
 -0.332348
 -0.334802
  -0.33771
 -0.341015
 -0.344646
 -0.348518
 -0.352525
 -0.356538
 -0.360392
  -0.36387
 -0.366673
 -0.368375
 -0.368337
 -0.365546
 -0.358331
  -0.34379
 -0.316703
 -0.267618
  -0.18092
-0.0404937
  0.142997
  0.318634
  0.439641
  0.507732
  0.544809
  0.566363
  0.580227
  0.590087
  0.597675
  0.603816
  0.608903
  0.613122
  0.616551
  0.619224
  0.621148
  0.622324
  0.622753
   0.62244
  0.621393
  0.619626
  0.617161
  0.614019
  0.610231
  0.605825
  0.600834
   0.59529
  0.589225
  0.582673
  0.575662
  0.568221
  0.560377
  0.552155
  0.543577
  0.534663
  0.525431
  0.515898
  0.506076
  0.495976
  0.485601
  0.474951
  0.464013
  0.452758
  0.441129
  0.429028
  0.416281
  0.402576
  0.387321
  0.369212
  0.344514
  0.294213
 -0.358339
-0.0454892
