  0.651057
 -0.294439
 -0.392804
 -0.434099
 -0.455809
 -0.467681
 -0.473531
 -0.475366
  -0.47442
  -0.47152
 -0.467252
 -0.462041
 -0.456201
 -0.449969
 -0.443526
 -0.437014
 -0.430541
 -0.424192
 -0.418035
 -0.412121
 -0.406486
 -0.401159
 -0.396154
 -0.391478
 -0.387125
 -0.383084
 -0.379329
 -0.375827
 -0.372532
 -0.369387
 -0.366322
 -0.363251
 -0.360073
 -0.356664
 -0.352877
 -0.348533
  -0.34341
 -0.337229
 -0.329629
 -0.320137
 -0.308104
 -0.292622
 -0.272372
 -0.245377
 -0.208581
 -0.157124
-0.0832054
 0.0251445
  0.182453
  0.390198
  0.606491
  0.765611
  0.831123
  0.835546
  0.817153
  0.793929
  0.771976
  0.752807
  0.736403
  0.722318
  0.710044
  0.699123
  0.689176
    0.6799
  0.671054
  0.662453
  0.653954
   0.64545
  0.636859
  0.628124
  0.619204
  0.610071
  0.600709
  0.591108
  0.581265
  0.571181
  0.560858
  0.550302
  0.539519
  0.528515
  0.517298
  0.505875
  0.494251
  0.482432
  0.470422
  0.458224
  0.445836
  0.433249
  0.420447
    0.4074
  0.394058
  0.380343
  0.366136
  0.351256
  0.335431
  0.318245
  0.299039
  0.276642
   0.24847
  0.199722
 -0.366423
 -0.284634
