 0.337211
-0.303639
-0.341704
-0.354636
-0.360921
-0.364084
 -0.36531
-0.365151
-0.363939
-0.361907
-0.359244
-0.356111
-0.352648
-0.348983
-0.345233
-0.341501
-0.337884
-0.334467
-0.331328
-0.328536
-0.326153
-0.324234
-0.322824
-0.321963
-0.321683
-0.322007
-0.322952
-0.324526
-0.326731
-0.329559
-0.332995
-0.337014
-0.341585
-0.346666
-0.352207
-0.358148
-0.364413
-0.370913
-0.377535
-0.384127
-0.390484
-0.396304
-0.401121
 -0.40417
-0.404127
-0.398581
-0.382944
-0.348345
-0.278774
-0.154225
 0.022558
 0.203971
 0.340178
 0.424996
 0.476339
  0.50922
 0.532009
 0.549001
 0.562407
 0.573393
 0.582595
  0.59037
 0.596921
 0.602371
 0.606793
 0.610241
 0.612754
 0.614365
 0.615109
 0.615018
  0.61413
 0.612481
 0.610111
 0.607059
 0.603367
 0.599073
 0.594218
 0.588838
 0.582969
 0.576645
 0.569896
 0.562751
 0.555236
 0.547373
 0.539184
 0.530688
   0.5219
 0.512833
 0.503496
  0.49389
 0.484008
 0.473828
 0.463303
 0.452342
 0.440781
 0.428315
 0.414327
 0.397404
  0.37331
 0.321278
-0.365483
 0.028272
