  0.279169
 -0.299701
 -0.326447
 -0.334681
 -0.338884
 -0.341263
 -0.342464
 -0.342762
 -0.342319
 -0.341264
 -0.339715
 -0.337783
 -0.335578
 -0.333204
  -0.33076
 -0.328341
 -0.326036
 -0.323926
 -0.322087
 -0.320589
 -0.319494
 -0.318859
 -0.318733
  -0.31916
 -0.320175
 -0.321808
 -0.324082
 -0.327011
 -0.330605
 -0.334865
 -0.339785
 -0.345353
 -0.351552
 -0.358356
 -0.365734
 -0.373652
 -0.382065
 -0.390923
 -0.400163
 -0.409704
 -0.419428
  -0.42916
 -0.438604
 -0.447238
 -0.454081
 -0.457197
 -0.452604
 -0.431963
 -0.378791
 -0.269116
-0.0978725
 0.0903165
  0.242299
  0.344048
  0.409646
  0.453737
  0.485286
  0.509222
  0.528247
   0.54388
  0.557004
  0.568148
  0.577644
  0.585703
  0.592469
  0.598047
  0.602515
  0.605937
  0.608373
  0.609876
  0.610497
  0.610288
    0.6093
  0.607581
  0.605181
  0.602146
  0.598522
  0.594352
  0.589675
   0.58453
  0.578951
  0.572968
   0.56661
  0.559904
  0.552871
  0.545532
  0.537905
  0.530004
  0.521839
  0.513414
  0.504723
  0.495745
  0.486436
  0.476706
  0.466386
  0.455151
  0.442325
  0.426314
  0.402221
  0.347039
  -0.38218
  0.103011
