  0.233868
 -0.291504
 -0.309405
  -0.31449
 -0.317715
 -0.320126
 -0.321922
 -0.323155
 -0.323864
 -0.324101
 -0.323934
 -0.323442
 -0.322708
  -0.32182
 -0.320866
 -0.319931
 -0.319097
 -0.318444
 -0.318044
 -0.317967
 -0.318275
 -0.319027
 -0.320275
 -0.322064
 -0.324434
  -0.32742
 -0.331049
 -0.335343
 -0.340316
 -0.345979
 -0.352336
 -0.359384
 -0.367119
 -0.375532
 -0.384612
 -0.394345
  -0.40472
 -0.415724
 -0.427343
 -0.439561
 -0.452348
 -0.465647
 -0.479327
 -0.493095
 -0.506294
 -0.517433
 -0.523088
 -0.515389
 -0.477317
 -0.381013
  -0.21398
-0.0182969
  0.149445
  0.267707
  0.347032
  0.401812
  0.441638
  0.472081
  0.496328
  0.516244
  0.532955
  0.547164
  0.559322
  0.569733
  0.578608
    0.5861
  0.592328
  0.597388
   0.60136
   0.60432
  0.606334
  0.607467
   0.60778
  0.607332
  0.606178
  0.604373
  0.601967
  0.599008
   0.59554
  0.591604
  0.587236
   0.58247
  0.577337
  0.571862
  0.566071
  0.559983
  0.553617
  0.546986
    0.5401
  0.532961
  0.525561
  0.517876
  0.509854
  0.501393
    0.4923
  0.482201
  0.470308
  0.454754
  0.429798
  0.369626
 -0.410611
  0.176743
