 0.204598
-0.278658
-0.290856
-0.294609
-0.298057
-0.301332
-0.304312
-0.306908
-0.309088
-0.310865
-0.312282
-0.313397
-0.314283
-0.315014
 -0.31567
-0.316329
 -0.31707
-0.317966
 -0.31909
-0.320508
-0.322284
-0.324476
-0.327137
-0.330315
-0.334053
-0.338389
-0.343353
-0.348973
 -0.35527
-0.362259
-0.369954
-0.378362
 -0.38749
-0.397343
-0.407929
-0.419256
-0.431341
-0.444205
-0.457882
-0.472415
-0.487858
-0.504261
-0.521644
-0.539925
-0.558741
-0.577003
-0.591782
  -0.5956
-0.570871
-0.486065
-0.321884
 -0.11835
0.0645276
 0.198284
 0.290321
 0.354895
 0.402231
 0.438518
  0.46741
 0.491102
 0.510947
 0.527811
 0.542263
 0.554691
 0.565369
 0.574499
 0.582237
 0.588707
 0.594015
 0.598252
   0.6015
 0.603837
 0.605334
 0.606057
  0.60607
 0.605433
 0.604199
 0.602422
 0.600148
  0.59742
 0.594277
 0.590753
  0.58688
 0.582684
  0.57819
 0.573416
 0.568378
 0.563089
 0.557554
 0.551771
 0.545723
 0.539376
 0.532659
 0.525443
 0.517487
  0.50833
 0.497015
 0.481303
 0.454412
 0.387183
-0.451592
 0.246994
