  0.192788
 -0.261779
 -0.271681
 -0.275917
 -0.280699
 -0.285554
  -0.29019
 -0.294466
 -0.298335
 -0.301808
 -0.304922
 -0.307735
 -0.310311
 -0.312722
 -0.315041
 -0.317341
 -0.319696
 -0.322176
 -0.324851
 -0.327785
  -0.33104
 -0.334674
  -0.33874
 -0.343287
 -0.348359
 -0.353995
 -0.360231
 -0.367096
 -0.374615
  -0.38281
 -0.391701
 -0.401305
 -0.411637
 -0.422716
 -0.434566
 -0.447214
 -0.460703
 -0.475085
 -0.490438
 -0.506857
 -0.524469
 -0.543421
 -0.563869
 -0.585915
 -0.609453
 -0.633743
 -0.656279
 -0.669897
 -0.656442
 -0.581055
 -0.418462
 -0.207124
-0.0103041
  0.137402
  0.240722
  0.313887
  0.367732
  0.409023
  0.441843
  0.468687
   0.49112
  0.510153
  0.526462
  0.540513
  0.552639
  0.563085
  0.572041
  0.579659
  0.586064
  0.591366
   0.59566
  0.599034
  0.601569
  0.603338
   0.60441
  0.604851
  0.604718
  0.604066
  0.602945
  0.601398
  0.599465
  0.597181
  0.594576
  0.591677
  0.588504
  0.585074
  0.581401
   0.57749
   0.57334
  0.568938
  0.564257
   0.55924
  0.553789
  0.547728
  0.540744
  0.532249
  0.521058
  0.504468
  0.474509
  0.398279
   -0.5038
  0.311012
