 0.197386
-0.242373
-0.253142
-0.259396
-0.266372
-0.273313
-0.279908
-0.286042
-0.291704
-0.296927
-0.301766
-0.306284
 -0.31055
-0.314633
-0.318602
-0.322528
 -0.32648
-0.330523
-0.334723
-0.339142
 -0.34384
-0.348871
-0.354289
 -0.36014
-0.366471
 -0.37332
-0.380723
-0.388713
-0.397318
-0.406564
-0.416475
-0.427075
 -0.43839
-0.450447
-0.463284
-0.476947
-0.491498
 -0.50702
-0.523624
-0.541456
-0.560701
-0.581594
-0.604401
-0.629384
-0.656654
-0.685759
-0.714543
-0.736078
-0.731675
-0.663589
 -0.50152
-0.282842
-0.073761
0.0859303
 0.198795
  0.27912
 0.338307
 0.383638
 0.419574
 0.448874
 0.473287
 0.493954
 0.511643
  0.52689
 0.540078
 0.551492
 0.561351
  0.56983
 0.577075
 0.583209
 0.588341
 0.592567
 0.595974
 0.598645
 0.600651
 0.602062
 0.602937
 0.603334
 0.603303
 0.602887
 0.602127
 0.601055
   0.5997
 0.598086
  0.59623
 0.594144
 0.591836
 0.589302
 0.586532
 0.583498
 0.580152
  0.57641
 0.572131
 0.567079
 0.560841
 0.552674
 0.541118
 0.522945
 0.488931
 0.402307
-0.563612
 0.366226
