 0.215105
-0.222374
-0.236504
-0.245852
-0.255546
-0.264838
-0.273516
-0.281555
-0.289007
 -0.29595
-0.302466
-0.308633
-0.314526
-0.320215
 -0.32577
-0.331255
-0.336735
-0.342272
-0.347927
-0.353757
-0.359818
-0.366162
-0.372839
-0.379895
-0.387374
-0.395313
 -0.40375
-0.412716
-0.422243
-0.432358
-0.443089
-0.454464
-0.466517
-0.479284
-0.492814
-0.507166
-0.522421
-0.538686
-0.556102
-0.574853
-0.595177
-0.617377
-0.641814
-0.668877
 -0.69885
-0.731516
-0.764988
-0.792512
-0.794934
-0.732132
-0.569802
-0.344638
-0.125363
0.0440547
  0.16452
 0.250437
 0.313704
 0.362044
 0.400236
 0.431261
 0.457021
 0.478766
 0.497344
 0.513347
 0.527201
 0.539225
 0.549664
 0.558714
 0.566534
 0.573262
 0.579015
 0.583899
 0.588007
 0.591424
 0.594227
 0.596486
 0.598265
 0.599619
 0.600598
 0.601247
 0.601601
 0.601693
 0.601547
 0.601183
 0.600613
 0.599842
 0.598869
  0.59768
  0.59625
 0.594532
 0.592452
 0.589891
 0.586655
 0.582433
 0.576697
 0.568525
 0.556163
 0.535851
  0.49715
 0.399625
-0.625818
 0.410714
