  0.24139
 -0.20364
-0.222754
-0.235762
-0.248364
-0.260049
-0.270782
-0.280659
-0.289815
-0.298381
 -0.30647
-0.314179
-0.321591
 -0.32878
-0.335811
-0.342749
-0.349652
-0.356576
-0.363578
-0.370709
 -0.37802
 -0.38556
-0.393375
-0.401507
-0.409996
-0.418879
-0.428192
-0.437965
 -0.44823
-0.459015
-0.470351
-0.482269
-0.494806
-0.508007
-0.521928
 -0.53664
 -0.55224
-0.568852
-0.586641
-0.605823
-0.626677
 -0.64956
-0.674904
-0.703198
 -0.73486
-0.769847
-0.806477
-0.838115
-0.845234
-0.785901
-0.622838
-0.392384
-0.165258
0.0114481
 0.137466
 0.227345
 0.293398
 0.343698
 0.383279
 0.415296
 0.441773
 0.464047
 0.483028
 0.499354
 0.513488
 0.525773
 0.536476
 0.545809
 0.553945
 0.561031
 0.567193
 0.572541
 0.577174
 0.581181
  0.58464
 0.587621
 0.590189
 0.592398
 0.594297
 0.595928
 0.597324
 0.598514
 0.599517
 0.600346
 0.601008
   0.6015
 0.601807
 0.601905
 0.601749
  0.60127
 0.600364
 0.598869
 0.596533
 0.592961
 0.587505
 0.579059
 0.565584
 0.542829
 0.499298
 0.391389
-0.684779
 0.443389
