  0.271519
  -0.18766
 -0.212516
 -0.229289
 -0.244712
 -0.258649
 -0.271285
  -0.28285
 -0.293562
 -0.303605
 -0.313124
 -0.322232
 -0.331022
  -0.33957
 -0.347941
 -0.356193
 -0.364382
 -0.372558
  -0.38077
 -0.389065
 -0.397488
 -0.406082
 -0.414888
 -0.423944
 -0.433286
 -0.442949
 -0.452964
 -0.463361
 -0.474169
 -0.485418
 -0.497137
  -0.50936
 -0.522127
 -0.535488
 -0.549504
 -0.564256
 -0.579851
 -0.596427
 -0.614168
 -0.633313
 -0.654171
 -0.677137
 -0.702699
 -0.731414
 -0.763794
 -0.799921
 -0.838252
 -0.872238
 -0.882093
 -0.824656
 -0.660687
 -0.426416
 -0.193958
-0.0124847
  0.117007
   0.20922
  0.276775
  0.328007
  0.368131
   0.40043
  0.427018
  0.449295
  0.468216
  0.484455
  0.498499
  0.510714
  0.521381
  0.530726
  0.538931
   0.54615
  0.552516
  0.558142
  0.563131
  0.567571
  0.571544
  0.575118
  0.578356
  0.581312
  0.584031
  0.586552
  0.588904
   0.59111
  0.593185
  0.595135
  0.596957
  0.598638
  0.600152
  0.601458
  0.602492
   0.60316
  0.603324
  0.602777
  0.601209
  0.598137
  0.592797
  0.583917
   0.56921
  0.544023
   0.49604
  0.379222
 -0.735409
   0.46389
