  0.301363
 -0.175474
 -0.206109
 -0.226391
 -0.244335
 -0.260251
  -0.27455
 -0.287588
 -0.299662
    -0.311
 -0.321773
 -0.332112
 -0.342114
 -0.351858
 -0.361406
 -0.370813
 -0.380129
 -0.389397
 -0.398661
 -0.407961
 -0.417336
 -0.426822
 -0.436455
 -0.446267
 -0.456291
 -0.466555
 -0.477088
 -0.487917
 -0.499068
 -0.510569
 -0.522449
 -0.534743
 -0.547491
 -0.560745
 -0.574572
 -0.589058
 -0.604316
 -0.620496
 -0.637792
  -0.65646
 -0.676829
  -0.69932
 -0.724453
 -0.752828
 -0.785017
 -0.821175
 -0.859845
 -0.894537
 -0.905341
 -0.848458
 -0.683662
 -0.447242
 -0.212065
-0.0283625
  0.102545
  0.195495
   0.26331
  0.314483
  0.354344
  0.386254
  0.412382
  0.434168
  0.452598
  0.468367
  0.481981
  0.493818
  0.504173
  0.513277
  0.521321
  0.528463
  0.534838
  0.540565
  0.545745
  0.550469
  0.554814
   0.55885
  0.562637
  0.566225
  0.569656
  0.572965
  0.576175
  0.579304
   0.58236
  0.585341
  0.588234
  0.591015
  0.593646
  0.596067
  0.598196
  0.599912
  0.601043
  0.601338
  0.600429
  0.597758
  0.592459
  0.583121
  0.567272
  0.539978
  0.488389
  0.364897
 -0.773746
  0.472383
