  0.586732
 -0.293106
 -0.379219
 -0.414731
 -0.433227
 -0.443192
  -0.44791
 -0.449097
 -0.447809
 -0.444758
 -0.440457
 -0.435284
 -0.429525
 -0.423401
 -0.417085
 -0.410715
   -0.4044
  -0.39823
 -0.392276
 -0.386595
 -0.381232
  -0.37622
 -0.371582
 -0.367332
 -0.363473
 -0.359999
 -0.356895
 -0.354135
 -0.351682
 -0.349488
 -0.347492
 -0.345619
  -0.34378
 -0.341863
 -0.339737
 -0.337239
 -0.334171
 -0.330282
  -0.32525
 -0.318647
 -0.309896
 -0.298179
 -0.282311
 -0.260508
 -0.229989
 -0.186289
 -0.122146
-0.0261431
  0.116339
  0.309499
  0.517643
  0.678436
  0.753823
  0.770292
  0.762706
  0.748399
  0.733717
  0.720544
  0.709178
  0.699403
  0.690876
  0.683259
  0.676258
  0.669629
  0.663179
  0.656757
  0.650246
  0.643559
  0.636632
  0.629421
  0.621897
  0.614043
  0.605851
  0.597322
  0.588459
  0.579272
  0.569772
   0.55997
  0.549879
  0.539514
  0.528887
   0.51801
  0.506895
  0.495553
  0.483992
  0.472218
  0.460233
  0.448033
  0.435609
  0.422935
  0.409974
  0.396659
   0.38289
   0.36851
  0.353275
  0.336802
  0.318451
  0.297024
  0.269651
  0.220545
 -0.363136
 -0.223596
