  0.327784
 -0.167719
 -0.203635
 -0.226921
 -0.246946
 -0.264478
 -0.280138
 -0.294393
   -0.3076
 -0.320023
 -0.331854
 -0.343233
 -0.354262
 -0.365019
 -0.375563
 -0.385946
  -0.39621
 -0.406394
 -0.416534
 -0.426663
 -0.436812
 -0.447013
 -0.457293
 -0.467681
 -0.478203
 -0.488881
 -0.499741
 -0.510805
 -0.522096
 -0.533638
 -0.545461
 -0.557595
 -0.570083
 -0.582977
 -0.596345
 -0.610275
 -0.624887
 -0.640333
 -0.656816
 -0.674599
 -0.694022
 -0.715516
 -0.739616
 -0.766942
 -0.798088
 -0.833237
  -0.87097
 -0.904834
 -0.914938
 -0.857436
 -0.692059
 -0.455267
 -0.220016
-0.0366039
 0.0937023
  0.185841
  0.252719
  0.302889
  0.341724
  0.372614
  0.397749
  0.418587
  0.436126
  0.451073
  0.463942
   0.47512
  0.484906
  0.493537
  0.501205
  0.508073
  0.514278
  0.519936
  0.525149
  0.530007
  0.534585
  0.538951
   0.54316
  0.547259
  0.551286
  0.555269
  0.559228
  0.563172
  0.567102
  0.571008
  0.574867
  0.578645
  0.582287
   0.58572
   0.58884
  0.591502
  0.593502
  0.594551
  0.594231
  0.591921
  0.586677
  0.576997
  0.560294
  0.531488
  0.477503
  0.350079
  -0.79714
  0.469356
