  0.348776
 -0.164721
 -0.205088
 -0.230727
  -0.25231
 -0.271044
 -0.287727
 -0.302912
    -0.317
 -0.330278
 -0.342951
 -0.355163
 -0.367017
 -0.378588
 -0.389933
 -0.401096
 -0.412115
 -0.423022
 -0.433845
  -0.44461
 -0.455344
 -0.466068
 -0.476806
 -0.487578
 -0.498405
 -0.509304
 -0.520293
 -0.531392
 -0.542618
 -0.553994
 -0.565543
 -0.577296
 -0.589292
 -0.601583
 -0.614236
 -0.627341
 -0.641015
 -0.655415
 -0.670742
  -0.68726
  -0.70531
  -0.72532
 -0.747823
  -0.77343
 -0.802723
 -0.835872
 -0.871443
 -0.903007
 -0.910835
 -0.851615
 -0.685961
 -0.450602
 -0.217909
-0.0372717
 0.0904574
  0.180278
  0.245065
   0.29333
  0.330413
  0.359687
   0.38333
  0.402793
  0.419072
  0.432871
  0.444707
  0.454965
  0.463945
  0.471885
  0.478979
  0.485387
  0.491246
  0.496671
  0.501763
  0.506606
  0.511276
  0.515833
  0.520331
  0.524811
  0.529305
  0.533837
  0.538418
  0.543053
  0.547734
  0.552442
  0.557145
  0.561797
  0.566331
  0.570658
  0.574656
  0.578158
  0.580936
  0.582668
  0.582899
  0.580966
  0.575879
  0.566088
  0.548974
  0.519448
  0.464506
  0.336154
 -0.804215
  0.455439
