  0.363399
 -0.166576
 -0.210409
 -0.237688
 -0.260278
  -0.27978
 -0.297131
 -0.312944
 -0.327646
 -0.341536
 -0.354821
 -0.367646
 -0.380109
 -0.392282
 -0.404218
 -0.415953
  -0.42752
 -0.438944
 -0.450245
 -0.461445
  -0.47256
 -0.483607
 -0.494602
 -0.505558
  -0.51649
 -0.527409
 -0.538329
 -0.549261
  -0.56022
 -0.571222
 -0.582287
 -0.593443
 -0.604726
 -0.616183
  -0.62788
 -0.639904
  -0.65237
 -0.665429
 -0.679279
 -0.694177
 -0.710452
 -0.728518
 -0.748884
 -0.772127
 -0.798785
 -0.828963
 -0.861167
 -0.888967
 -0.892933
 -0.830868
 -0.665189
 -0.433005
  -0.20545
-0.0300312
 0.0931808
  0.179211
  0.240784
  0.286269
  0.320906
  0.347997
  0.369676
  0.387363
  0.402035
  0.414383
  0.424914
  0.434009
  0.441962
  0.449007
  0.455336
  0.461106
   0.46645
  0.471481
  0.476294
  0.480972
  0.485584
  0.490188
  0.494831
  0.499548
  0.504367
  0.509305
  0.514366
  0.519549
  0.524837
  0.530203
  0.535606
   0.54099
  0.546277
  0.551364
  0.556115
  0.560346
   0.56381
  0.566165
  0.566934
  0.565435
  0.560663
  0.551075
  0.534092
  0.504746
  0.450387
  0.324147
 -0.794747
  0.431348
