  0.371627
 -0.173213
 -0.219511
 -0.247726
 -0.270782
 -0.290623
 -0.308288
 -0.324425
 -0.339471
 -0.353722
 -0.367383
  -0.38059
 -0.393439
 -0.405994
   -0.4183
 -0.430391
 -0.442289
 -0.454014
  -0.46558
 -0.477001
 -0.488288
 -0.499449
 -0.510493
 -0.521429
 -0.532263
    -0.543
 -0.553648
 -0.564213
 -0.574703
 -0.585129
 -0.595507
 -0.605859
 -0.616216
 -0.626621
 -0.637135
 -0.647839
 -0.658841
 -0.670285
 -0.682357
 -0.695298
 -0.709416
 -0.725096
 -0.742803
 -0.763056
 -0.786304
 -0.812545
 -0.840162
 -0.862698
 -0.861141
 -0.794979
 -0.629373
  -0.40196
 -0.182027
-0.0142136
  0.102577
  0.183372
  0.240633
  0.282489
  0.314007
   0.33837
  0.357635
  0.373166
  0.385903
  0.396514
  0.405486
  0.413187
  0.419902
  0.425858
  0.431238
  0.436194
  0.440855
  0.445328
  0.449703
  0.454058
  0.458457
  0.462951
  0.467581
  0.472378
  0.477363
  0.482544
  0.487923
  0.493488
  0.499217
  0.505075
  0.511012
  0.516963
  0.522842
  0.528536
  0.533897
  0.538733
  0.542784
  0.545701
  0.547003
  0.546011
  0.541743
  0.532705
   0.51643
  0.488185
  0.435928
  0.314699
 -0.769486
  0.397859
