 0.374171
-0.184431
-0.232293
-0.260801
-0.283822
-0.303598
 -0.32124
-0.337405
-0.352526
-0.366889
-0.380685
-0.394043
-0.407049
-0.419759
-0.432213
-0.444435
-0.456443
-0.468249
-0.479862
-0.491288
-0.502531
-0.513594
 -0.52448
-0.535188
-0.545721
-0.556076
-0.566253
-0.576254
 -0.58608
-0.595736
-0.605231
-0.614582
-0.623814
-0.632963
-0.642082
-0.651244
-0.660546
-0.670119
 -0.68013
-0.690798
-0.702398
-0.715269
-0.729812
-0.746456
-0.765527
-0.786857
-0.808644
-0.824356
-0.815509
-0.743815
-0.578138
-0.356868
-0.146885
0.0110248
 0.119543
 0.193695
 0.245576
  0.28298
 0.310732
 0.331847
 0.348267
 0.361282
 0.371776
  0.38038
 0.387552
 0.393641
 0.398917
 0.403593
 0.407845
 0.411816
 0.415625
 0.419375
 0.423148
 0.427015
 0.431033
 0.435249
 0.439696
 0.444399
 0.449372
 0.454618
  0.46013
 0.465891
 0.471871
 0.478029
 0.484309
 0.490638
 0.496923
 0.503045
 0.508852
 0.514146
 0.518667
 0.522071
 0.523889
  0.52347
 0.519882
 0.511729
 0.496711
 0.470432
 0.421675
 0.308082
-0.729954
 0.355784
