  0.372304
 -0.199925
 -0.248626
 -0.276881
 -0.299429
 -0.318779
 -0.336085
 -0.352001
 -0.366939
 -0.381169
 -0.394865
 -0.408144
 -0.421079
  -0.43372
 -0.446096
 -0.458227
 -0.470124
 -0.481791
 -0.493233
 -0.504448
 -0.515436
 -0.526192
 -0.536713
 -0.546993
 -0.557026
 -0.566804
 -0.576321
 -0.585571
 -0.594548
 -0.603252
 -0.611685
 -0.619855
 -0.627779
 -0.635486
 -0.643019
 -0.650438
 -0.657827
 -0.665296
  -0.67299
 -0.681095
  -0.68984
 -0.699503
 -0.710402
 -0.722842
 -0.736985
 -0.752436
 -0.767139
 -0.774429
 -0.756418
 -0.677562
 -0.511387
 -0.297329
-0.0993919
 0.0464666
   0.14496
   0.21113
  0.256616
  0.288789
  0.312163
  0.329541
  0.342718
  0.352881
  0.360846
  0.367191
   0.37234
  0.376614
  0.380262
  0.383481
  0.386432
  0.389249
  0.392041
    0.3949
  0.397903
  0.401112
  0.404577
  0.408336
  0.412418
  0.416839
  0.421607
  0.426719
  0.432161
   0.43791
   0.44393
  0.450174
  0.456581
  0.463072
  0.469552
  0.475898
  0.481957
  0.487536
  0.492382
  0.496168
  0.498452
  0.498634
  0.495862
  0.488868
  0.475574
  0.452003
   0.40795
   0.30424
 -0.678284
   0.30598
