  0.367711
 -0.219272
 -0.268324
 -0.295908
 -0.317624
  -0.33624
 -0.352935
 -0.368347
 -0.382862
 -0.396727
 -0.410097
 -0.423073
 -0.435717
 -0.448068
 -0.460149
 -0.471971
  -0.48354
 -0.494856
 -0.505916
 -0.516713
 -0.527241
 -0.537491
 -0.547452
 -0.557113
  -0.56646
 -0.575482
 -0.584163
 -0.592491
 -0.600454
 -0.608043
 -0.615253
 -0.622085
 -0.628544
 -0.634651
 -0.640434
 -0.645941
 -0.651234
 -0.656402
 -0.661558
 -0.666846
 -0.672439
 -0.678539
 -0.685354
  -0.69304
 -0.701546
 -0.710196
 -0.716596
 -0.713877
 -0.684791
 -0.596995
   -0.4296
  -0.22346
-0.0393373
 0.0925657
  0.179452
  0.236424
  0.274594
  0.300831
  0.319278
  0.332482
  0.342059
  0.349075
  0.354259
  0.358126
  0.361056
  0.363334
  0.365183
  0.366782
  0.368273
  0.369778
  0.371393
    0.3732
  0.375267
  0.377647
  0.380381
  0.383501
  0.387028
   0.39097
   0.39533
  0.400096
  0.405251
  0.410763
  0.416593
  0.422689
  0.428986
  0.435402
   0.44184
  0.448179
   0.45427
  0.459927
  0.464917
  0.468938
  0.471592
  0.472345
  0.470447
  0.464789
  0.453557
  0.433259
  0.394856
  0.302825
 -0.617079
  0.249368
