 0.362395
-0.241909
-0.291108
-0.317752
-0.338375
-0.356009
-0.371861
-0.386544
-0.400419
-0.413703
-0.426534
-0.438995
-0.451137
 -0.46299
-0.474567
-0.485876
-0.496914
-0.507677
-0.518156
-0.528342
-0.538222
-0.547782
-0.557005
-0.565874
 -0.57437
-0.582475
-0.590168
-0.597428
-0.604236
-0.610577
-0.616435
-0.621801
-0.626673
-0.631056
-0.634966
 -0.63843
 -0.64149
-0.644206
-0.646653
-0.648925
-0.651129
-0.653373
-0.655736
-0.658196
-0.660447
-0.661469
-0.658454
-0.644245
-0.602242
-0.503675
-0.334086
 -0.13616
 0.032812
 0.149208
 0.223168
 0.269922
 0.300003
 0.319716
 0.332783
 0.341455
 0.347145
 0.350777
 0.352978
 0.354192
 0.354744
 0.354879
  0.35479
 0.354631
 0.354526
 0.354578
 0.354873
 0.355479
 0.356453
  0.35784
 0.359672
 0.361972
 0.364754
 0.368019
 0.371762
 0.375967
 0.380608
 0.385651
 0.391051
 0.396753
 0.402687
 0.408773
 0.414913
  0.42099
 0.426864
 0.432364
 0.437278
 0.441339
 0.444205
  0.44542
 0.444355
 0.440084
 0.431085
 0.414405
 0.382286
 0.303207
 -0.54932
 0.186925
