  0.358628
 -0.267096
 -0.316571
 -0.342179
 -0.361552
 -0.378029
 -0.392852
 -0.406617
 -0.419657
 -0.432167
 -0.444262
 -0.456012
 -0.467456
 -0.478614
 -0.489495
 -0.500098
 -0.510418
 -0.520444
 -0.530165
 -0.539566
 -0.548629
 -0.557336
 -0.565667
 -0.573597
 -0.581104
 -0.588161
 -0.594742
  -0.60082
 -0.606367
  -0.61136
 -0.615774
  -0.61959
 -0.622794
 -0.625377
 -0.627338
 -0.628683
  -0.62943
 -0.629604
 -0.629239
 -0.628369
 -0.627026
 -0.625213
 -0.622861
  -0.61974
 -0.615255
 -0.607987
 -0.594639
 -0.567675
  -0.51112
 -0.400042
 -0.227105
-0.0372668
  0.115746
  0.215551
  0.275628
  0.311417
  0.332845
  0.345612
  0.352978
  0.356872
  0.358483
  0.358574
  0.357661
  0.356108
  0.354177
   0.35207
  0.349945
  0.347928
  0.346122
  0.344612
  0.343468
  0.342746
  0.342491
  0.342738
   0.34351
  0.344822
  0.346678
  0.349075
     0.352
   0.35543
  0.359336
  0.363677
  0.368405
  0.373461
  0.378776
  0.384268
  0.389843
  0.395389
  0.400778
  0.405855
  0.410435
  0.414294
  0.417148
  0.418631
  0.418244
  0.415257
  0.408463
  0.395483
   0.36992
  0.304478
 -0.478297
   0.11967
