 0.358932
-0.293857
-0.344118
-0.368795
-0.386884
-0.402108
-0.415771
-0.428467
-0.440507
-0.452069
-0.463251
-0.474111
-0.484677
-0.494963
-0.504972
-0.514698
-0.524131
-0.533258
-0.542064
-0.550529
-0.558633
-0.566354
-0.573665
-0.580541
 -0.58695
-0.592862
-0.598244
-0.603062
-0.607283
-0.610871
-0.613795
-0.616024
-0.617531
-0.618291
-0.618286
  -0.6175
-0.615921
-0.613539
-0.610338
-0.606293
-0.601349
-0.595392
-0.588194
-0.579297
-0.567784
-0.551794
-0.527475
-0.486829
-0.414442
-0.289357
-0.111848
0.0704389
 0.207277
 0.289972
 0.335657
 0.360078
 0.372558
 0.378166
 0.379682
 0.378693
 0.376147
 0.372643
 0.368574
 0.364215
 0.359766
  0.35538
 0.351175
  0.34725
 0.343683
  0.34054
 0.337875
  0.33573
  0.33414
 0.333127
 0.332706
 0.332883
 0.333655
 0.335011
 0.336933
 0.339391
 0.342352
  0.34577
 0.349594
 0.353763
 0.358207
 0.362846
 0.367588
 0.372331
 0.376955
 0.381327
 0.385291
 0.388662
 0.391221
  0.39269
 0.392705
 0.390735
 0.385897
 0.376399
 0.357248
 0.305458
-0.407618
0.0486861
