 0.517201
-0.294012
-0.366846
-0.395986
-0.410893
-0.418715
-0.422175
-0.422673
-0.421071
-0.417954
-0.413748
-0.408775
-0.403282
-0.397469
-0.391495
 -0.38549
-0.379561
-0.373798
-0.368275
-0.363052
 -0.35818
-0.353698
-0.349635
-0.346011
-0.342837
-0.340116
-0.337839
-0.335989
-0.334539
-0.333449
 -0.33267
-0.332137
-0.331773
-0.331483
-0.331151
-0.330637
-0.329767
-0.328324
-0.326028
-0.322509
-0.317267
-0.309592
-0.298452
-0.282276
-0.258598
-0.223401
-0.170015
 -0.08763
 0.038531
 0.215821
 0.415535
 0.578946
 0.665976
 0.696269
 0.700921
 0.696602
 0.689985
 0.683405
  0.67753
 0.672417
 0.667919
 0.663834
 0.659968
 0.656151
 0.652242
 0.648131
 0.643732
 0.638982
 0.633837
 0.628268
 0.622261
  0.61581
 0.608917
 0.601593
 0.593849
 0.585703
 0.577173
 0.568278
 0.559037
 0.549471
 0.539598
 0.529434
 0.518998
 0.508303
 0.497362
 0.486184
 0.474777
 0.463142
 0.451273
 0.439155
 0.426758
 0.414032
 0.400893
 0.387207
 0.372762
 0.357203
 0.339919
 0.319689
 0.293369
 0.244191
-0.358282
-0.158919
