  0.366026
 -0.320919
  -0.37291
 -0.396992
 -0.413904
 -0.427872
 -0.440306
 -0.451824
 -0.462734
 -0.473202
 -0.483316
 -0.493126
 -0.502655
 -0.511911
 -0.520892
  -0.52959
 -0.537991
  -0.54608
 -0.553839
 -0.561246
 -0.568277
 -0.574906
 -0.581104
  -0.58684
  -0.59208
 -0.596787
 -0.600922
 -0.604446
 -0.607316
  -0.60949
 -0.610926
 -0.611583
 -0.611419
 -0.610395
 -0.608473
 -0.605612
 -0.601771
   -0.5969
 -0.590935
 -0.583784
 -0.575301
 -0.565251
 -0.553234
 -0.538553
 -0.519949
 -0.495088
 -0.459513
 -0.404691
 -0.315683
 -0.175494
   0.00776
  0.183389
   0.30446
  0.370141
  0.401435
   0.41448
  0.418022
  0.416501
  0.412213
  0.406397
  0.399757
  0.392719
  0.385551
   0.37844
  0.371517
  0.364884
  0.358621
  0.352795
  0.347461
  0.342664
  0.338442
  0.334823
  0.331829
  0.329473
   0.32776
  0.326688
  0.326248
   0.32642
   0.32718
  0.328496
  0.330327
  0.332626
  0.335337
  0.338399
  0.341741
  0.345284
  0.348942
  0.352619
  0.356208
  0.359593
  0.362645
   0.36522
  0.367155
  0.368258
   0.36829
   0.36691
   0.36355
  0.356995
  0.343642
  0.304751
  -0.34123
-0.0247955
