  0.382603
  -0.34668
 -0.401807
 -0.425889
 -0.441896
  -0.45471
 -0.465922
 -0.476209
 -0.485897
 -0.495157
 -0.504077
 -0.512705
 -0.521061
 -0.529151
 -0.536972
 -0.544515
 -0.551764
 -0.558702
  -0.56531
 -0.571563
 -0.577436
   -0.5829
 -0.587924
 -0.592472
 -0.596506
 -0.599985
 -0.602865
 -0.605101
 -0.606642
 -0.607439
  -0.60744
 -0.606592
 -0.604841
 -0.602132
 -0.598405
 -0.593597
 -0.587635
 -0.580431
 -0.571869
 -0.561788
 -0.549952
 -0.536003
 -0.519365
 -0.499095
 -0.473588
  -0.44002
 -0.393301
 -0.324311
 -0.218473
-0.0626009
  0.127397
  0.297533
  0.403831
  0.453223
  0.470648
   0.47272
  0.467653
  0.459289
  0.449448
  0.439032
  0.428503
  0.418115
  0.408016
  0.398299
   0.38903
  0.380261
  0.372031
  0.364376
  0.357328
  0.350911
  0.345146
   0.34005
  0.335631
  0.331892
  0.328831
  0.326437
  0.324693
  0.323577
  0.323056
  0.323094
  0.323648
  0.324665
   0.32609
  0.327859
  0.329901
  0.332141
  0.334495
  0.336873
  0.339182
  0.341319
  0.343179
  0.344651
  0.345621
  0.345967
  0.345555
  0.344212
  0.341647
  0.337181
  0.328527
  0.300932
 -0.283342
-0.0992604
