 0.410817
-0.369291
-0.429376
-0.454312
-0.469862
-0.481748
-0.491832
-0.500899
-0.509326
-0.517307
-0.524942
-0.532286
-0.539363
-0.546181
-0.552739
-0.559026
 -0.56503
-0.570733
-0.576113
-0.581147
-0.585808
-0.590065
-0.593884
-0.597228
-0.600054
 -0.60232
-0.603974
-0.604967
-0.605243
-0.604743
-0.603407
-0.601171
-0.597969
-0.593728
-0.588372
-0.581811
-0.573943
-0.564641
-0.553739
-0.541008
-0.526126
-0.508608
 -0.48771
-0.462249
-0.430273
-0.388477
-0.331133
-0.248498
-0.126244
0.0453003
  0.24276
 0.408727
 0.501748
  0.53614
 0.540708
 0.532597
 0.519558
 0.504876
 0.489933
 0.475306
  0.46123
 0.447797
 0.435035
 0.422952
 0.411549
 0.400827
  0.39079
 0.381442
 0.372792
 0.364845
 0.357608
 0.351081
 0.345265
 0.340152
 0.335732
 0.331988
 0.328897
 0.326431
 0.324553
 0.323224
 0.322396
 0.322016
 0.322026
 0.322363
 0.322955
  0.32373
 0.324607
 0.325504
 0.326333
 0.327008
 0.327438
 0.327537
 0.327226
 0.326432
 0.325098
 0.323174
 0.320592
 0.317121
  0.31163
 0.292883
-0.238064
-0.172753
