  0.451478
 -0.386915
 -0.454003
 -0.480853
 -0.496555
 -0.507862
 -0.517006
 -0.524941
  -0.53213
 -0.538811
 -0.545116
 -0.551115
 -0.556843
 -0.562316
 -0.567538
 -0.572503
 -0.577199
  -0.58161
 -0.585716
 -0.589495
 -0.592918
 -0.595954
 -0.598569
 -0.600723
 -0.602373
 -0.603469
 -0.603961
 -0.603791
 -0.602899
  -0.60122
 -0.598684
 -0.595219
 -0.590745
 -0.585176
 -0.578415
 -0.570352
 -0.560854
 -0.549758
  -0.53685
 -0.521839
 -0.504316
 -0.483682
 -0.459033
 -0.428954
 -0.391169
 -0.341909
 -0.274829
 -0.179559
-0.0419003
  0.144696
  0.349976
  0.513126
  0.594736
  0.615877
  0.609005
   0.59183
  0.571714
  0.551451
  0.532023
  0.513715
  0.496555
  0.480482
  0.465418
  0.451288
  0.438035
  0.425612
  0.413989
  0.403143
  0.393059
  0.383725
  0.375134
  0.367274
  0.360137
  0.353706
  0.347965
   0.34289
  0.338454
  0.334624
  0.331361
  0.328623
   0.32636
  0.324517
  0.323037
  0.321855
  0.320903
  0.320108
  0.319397
  0.318689
  0.317906
  0.316968
  0.315796
   0.31432
  0.312477
  0.310222
  0.307537
  0.304444
  0.301018
  0.297348
  0.293221
  0.280214
 -0.208646
 -0.242832
