 0.503288
-0.398133
-0.474148
-0.504033
-0.520596
-0.531771
-0.540252
-0.547218
-0.553254
-0.558674
-0.563654
-0.568291
-0.572642
-0.576736
-0.580586
-0.584192
-0.587548
-0.590642
-0.593457
-0.595972
-0.598159
 -0.59999
-0.601427
-0.602432
 -0.60296
 -0.60296
-0.602377
-0.601152
-0.599218
-0.596505
-0.592937
-0.588432
-0.582898
-0.576237
-0.568335
 -0.55906
-0.548254
 -0.53572
-0.521198
-0.504342
-0.484664
 -0.46146
-0.433678
-0.399697
-0.356941
-0.301214
-0.225598
-0.119114
0.0324099
 0.232872
 0.445923
 0.607517
 0.679784
 0.689734
 0.673133
 0.648254
 0.622152
   0.5972
 0.574033
 0.552682
 0.532989
 0.514761
 0.497823
 0.482029
 0.467265
 0.453447
  0.44051
 0.428406
 0.417101
 0.406569
 0.396787
 0.387736
 0.379396
 0.371746
 0.364764
 0.358422
 0.352688
 0.347528
   0.3429
  0.33876
 0.335058
  0.33174
 0.328747
 0.326017
 0.323485
  0.32108
 0.318731
 0.316364
 0.313905
  0.31128
 0.308417
 0.305248
 0.301716
 0.297779
 0.293424
 0.288689
 0.283704
  0.27873
 0.274164
 0.263523
-0.196513
-0.306775
