  0.562685
 -0.402331
 -0.488659
 -0.522557
 -0.540677
 -0.552205
  -0.56035
 -0.566566
 -0.571594
 -0.575843
  -0.57955
 -0.582855
 -0.585843
 -0.588561
 -0.591036
 -0.593282
 -0.595298
 -0.597079
 -0.598612
  -0.59988
  -0.60086
 -0.601521
 -0.601831
  -0.60175
 -0.601232
 -0.600227
 -0.598679
 -0.596523
 -0.593692
  -0.59011
 -0.585694
 -0.580356
 -0.573994
 -0.566499
  -0.55774
 -0.547569
 -0.535803
 -0.522215
 -0.506507
 -0.488281
 -0.466982
 -0.441814
 -0.411595
 -0.374521
 -0.327755
 -0.266724
 -0.183998
-0.0680338
 0.0953982
  0.308049
   0.52841
  0.689504
  0.754538
   0.75551
  0.731055
  0.699978
  0.669098
  0.640443
  0.614362
   0.59067
  0.569053
  0.549204
  0.530864
  0.513827
  0.497933
  0.483058
  0.469113
  0.456027
  0.443749
  0.432239
  0.421464
  0.411396
  0.402009
  0.393277
  0.385172
  0.377665
  0.370721
  0.364305
  0.358375
  0.352885
  0.347788
  0.343029
  0.338553
    0.3343
  0.330206
  0.326206
  0.322233
  0.318217
  0.314087
  0.309774
  0.305207
  0.300316
  0.295037
  0.289312
  0.283105
  0.276424
  0.269371
  0.262235
  0.255701
  0.244286
 -0.200652
 -0.362033
