 0.624522
-0.399847
-0.497002
 -0.53554
-0.555772
-0.568086
-0.576224
 -0.58193
-0.586124
-0.589328
-0.591854
-0.593894
-0.595566
-0.596946
-0.598079
-0.598991
-0.599695
-0.600193
 -0.60048
-0.600542
 -0.60036
 -0.59991
-0.599159
 -0.59807
-0.596598
-0.594694
-0.592299
 -0.58935
-0.585775
-0.581497
-0.576427
-0.570471
-0.563521
-0.555454
-0.546131
-0.535386
-0.523016
-0.508768
-0.492313
-0.473209
-0.450844
-0.424342
-0.392416
-0.353107
 -0.30336
-0.238283
-0.150011
-0.026504
 0.146584
 0.369361
 0.596177
 0.757552
  0.81736
 0.811575
 0.781185
 0.745463
 0.711057
 0.679725
 0.651585
 0.626279
 0.603368
 0.582451
 0.563202
 0.545361
  0.52873
 0.513157
 0.498528
 0.484754
  0.47177
 0.459525
 0.447977
 0.437092
 0.426839
 0.417188
 0.408108
 0.399569
 0.391537
 0.383974
  0.37684
 0.370092
 0.363683
 0.357561
 0.351675
 0.345967
 0.340379
  0.33485
 0.329317
 0.323716
 0.317979
 0.312038
 0.305821
 0.299253
 0.292254
 0.284741
 0.276635
 0.267878
 0.258491
 0.248665
 0.239086
 0.224413
-0.217842
-0.406681
