  0.683205
 -0.391813
 -0.499292
  -0.54262
 -0.565263
 -0.578668
 -0.587065
 -0.592482
 -0.596017
 -0.598316
 -0.599773
 -0.600637
  -0.60107
 -0.601175
 -0.601023
 -0.600655
 -0.600098
 -0.599365
  -0.59846
 -0.597375
 -0.596098
 -0.594608
 -0.592877
  -0.59087
 -0.588546
 -0.585855
 -0.582741
 -0.579139
 -0.574979
 -0.570178
 -0.564647
 -0.558286
 -0.550981
 -0.542604
 -0.533002
 -0.521998
 -0.509373
 -0.494853
 -0.478083
 -0.458584
 -0.435701
 -0.408495
 -0.375592
 -0.334914
 -0.283231
 -0.215399
 -0.123206
0.00579982
  0.186112
  0.416677
  0.648752
  0.810874
  0.867264
  0.856838
  0.822383
  0.783543
  0.746845
  0.713847
  0.684494
  0.658296
  0.634714
  0.613277
  0.593604
  0.575397
  0.558426
  0.542513
  0.527527
  0.513366
  0.499951
  0.487224
  0.475136
  0.463649
  0.452727
  0.442338
  0.432453
  0.423039
  0.414063
  0.405489
   0.39728
  0.389395
  0.381789
  0.374416
  0.367227
  0.360172
  0.353195
  0.346242
  0.339255
  0.332174
  0.324936
  0.317473
  0.309712
  0.301568
  0.292945
  0.283727
  0.273784
  0.262979
   0.25121
  0.238498
  0.225305
  0.205746
 -0.243592
 -0.439613
