 0.733667
-0.379827
-0.496178
-0.543924
-0.568972
-0.583588
-0.592402
-0.597688
-0.600714
 -0.60224
-0.602742
-0.602533
-0.601816
 -0.60073
-0.599368
-0.597793
-0.596047
-0.594155
 -0.59213
-0.589975
-0.587682
-0.585238
-0.582619
-0.579794
-0.576725
-0.573366
-0.569661
-0.565549
-0.560957
-0.555803
-0.549998
-0.543437
-0.536002
-0.527559
 -0.51795
-0.506986
-0.494437
-0.480013
-0.463337
-0.443906
 -0.42103
-0.393725
-0.360553
 -0.31935
-0.266757
-0.197451
-0.102962
 0.029469
 0.214489
 0.450328
 0.686188
 0.849225
 0.903762
  0.89065
 0.853891
 0.813383
 0.775571
 0.741875
 0.712118
 0.685715
 0.662059
 0.640627
 0.620999
 0.602845
 0.585914
 0.570011
 0.554989
 0.540735
 0.527163
 0.514208
 0.501816
 0.489946
 0.478562
 0.467631
 0.457122
 0.447006
  0.43725
 0.427822
 0.418688
  0.40981
 0.401149
 0.392663
 0.384309
  0.37604
 0.367809
 0.359567
 0.351262
 0.342839
 0.334238
 0.325394
  0.31623
 0.306653
  0.29655
 0.285774
 0.274144
 0.261438
 0.247425
 0.231909
 0.214988
 0.189772
-0.273234
-0.460433
