  0.771946
 -0.365647
 -0.488658
 -0.539987
 -0.567119
 -0.582857
 -0.592112
 -0.597346
  -0.59996
 -0.600817
 -0.600471
  -0.59929
 -0.597522
 -0.595338
 -0.592858
 -0.590166
 -0.587318
 -0.584355
 -0.581299
 -0.578163
 -0.574949
 -0.571647
 -0.568241
 -0.564706
 -0.561006
   -0.5571
 -0.552936
 -0.548452
 -0.543579
 -0.538237
 -0.532334
 -0.525765
 -0.518411
 -0.510133
 -0.500769
 -0.490123
 -0.477956
 -0.463967
 -0.447767
 -0.428836
 -0.406459
 -0.379624
 -0.346854
 -0.305929
 -0.253415
 -0.183876
-0.0886829
 0.0451198
  0.232314
  0.470818
  0.708796
  0.872665
  0.926683
  0.912665
  0.875237
  0.834419
  0.796599
  0.763112
  0.733708
  0.707746
  0.684574
  0.663639
  0.644493
  0.626789
  0.610259
  0.594695
  0.579942
  0.565879
  0.552416
  0.539481
   0.52702
  0.514989
  0.503353
  0.492078
  0.481137
  0.470502
  0.460144
  0.450034
  0.440142
  0.430435
   0.42088
   0.41144
  0.402077
  0.392754
  0.383427
  0.374055
  0.364591
  0.354987
  0.345186
  0.335125
  0.324727
  0.313891
  0.302489
   0.29035
  0.277244
  0.262876
  0.246888
  0.228863
   0.20846
  0.177537
 -0.302662
 -0.469284
