  0.445371
 -0.295971
 -0.355021
  -0.37757
 -0.388804
 -0.394485
 -0.396748
 -0.396667
 -0.394899
 -0.391892
 -0.387981
 -0.383423
 -0.378426
 -0.373162
 -0.367771
 -0.362374
 -0.357075
 -0.351959
 -0.347102
 -0.342568
 -0.338409
 -0.334671
 -0.331388
 -0.328587
 -0.326285
 -0.324492
 -0.323207
 -0.322422
 -0.322119
 -0.322268
 -0.322829
 -0.323752
 -0.324972
 -0.326409
 -0.327968
 -0.329531
 -0.330954
 -0.332055
 -0.332602
 -0.332291
 -0.330704
 -0.327252
 -0.321068
  -0.31082
  -0.29438
 -0.268214
 -0.226288
 -0.158421
-0.0495971
  0.111073
  0.302503
  0.469653
  0.569997
  0.615676
  0.633767
   0.64031
  0.642384
   0.64285
  0.642799
  0.642597
  0.642315
  0.641908
  0.641294
  0.640385
    0.6391
  0.637375
  0.635158
  0.632416
  0.629125
  0.625276
  0.620867
  0.615906
  0.610407
  0.604388
  0.597873
  0.590884
  0.583449
  0.575592
   0.56734
  0.558717
  0.549747
  0.540453
  0.530855
  0.520971
  0.510817
  0.500408
  0.489754
   0.47886
  0.467727
  0.456347
  0.444699
  0.432746
  0.420419
  0.407607
  0.394123
  0.379643
  0.363574
  0.344664
  0.319463
  0.270092
 -0.354656
-0.0907149
