  0.795375
 -0.350926
 -0.477873
 -0.531588
 -0.560216
 -0.576793
 -0.586376
 -0.591542
 -0.593785
 -0.594045
 -0.592938
 -0.590882
 -0.588163
 -0.584985
 -0.581491
 -0.577784
  -0.57394
 -0.570009
 -0.566027
 -0.562017
 -0.557987
 -0.553938
 -0.549858
 -0.545728
 -0.541519
 -0.537192
 -0.532699
 -0.527984
 -0.522979
 -0.517606
 -0.511774
  -0.50538
 -0.498303
 -0.490403
 -0.481516
 -0.471442
 -0.459939
   -0.4467
 -0.431328
 -0.413294
 -0.391873
  -0.36604
 -0.334303
 -0.294418
 -0.242924
 -0.174345
-0.0799942
  0.053167
  0.240021
  0.478547
  0.716866
  0.881317
  0.935983
  0.922701
  0.886132
  0.846278
  0.809487
  0.777059
  0.748717
  0.723796
  0.701629
  0.681646
   0.66339
  0.646504
   0.63071
  0.615796
    0.6016
  0.587998
  0.574896
  0.562222
   0.54992
  0.537947
  0.526268
  0.514854
  0.503677
  0.492714
  0.481939
   0.47133
   0.46086
  0.450503
   0.44023
  0.430012
  0.419818
  0.409616
   0.39937
  0.389045
  0.378602
  0.367996
  0.357178
  0.346086
  0.334643
  0.322746
  0.310255
   0.29698
  0.282655
  0.266926
  0.249323
  0.229224
  0.205836
  0.169687
 -0.328752
 -0.466623
