  0.802555
 -0.337045
 -0.464942
 -0.519612
 -0.548953
  -0.56593
 -0.575613
 -0.580612
 -0.582469
  -0.58217
 -0.580374
 -0.577534
  -0.57397
  -0.56991
 -0.565519
 -0.560919
 -0.556198
 -0.551422
 -0.546638
 -0.541876
 -0.537156
 -0.532483
 -0.527856
 -0.523259
  -0.51867
 -0.514055
 -0.509373
 -0.504568
 -0.499579
  -0.49433
 -0.488733
 -0.482686
 -0.476072
  -0.46875
 -0.460556
 -0.451291
 -0.440713
 -0.428512
 -0.414293
 -0.397525
 -0.377486
 -0.353154
 -0.323042
 -0.284922
  -0.23535
 -0.168884
-0.0768781
 0.0536694
  0.237702
  0.473622
  0.710477
  0.875201
  0.931607
  0.920633
  0.886393
  0.848722
  0.813949
  0.783387
  0.756774
  0.733459
  0.712782
  0.694178
  0.677191
  0.661464
   0.64672
  0.632744
  0.619376
  0.606489
  0.593991
  0.581809
  0.569889
  0.558189
  0.546676
  0.535325
  0.524112
  0.513017
   0.50202
  0.491104
  0.480247
   0.46943
  0.458631
  0.447825
  0.436991
  0.426101
  0.415129
  0.404045
  0.392817
  0.381407
   0.36977
  0.357849
  0.345569
  0.332826
  0.319477
  0.305317
  0.290061
  0.273307
  0.254502
  0.232848
  0.207119
   0.16656
 -0.349496
 -0.453059
