  0.793233
 -0.325034
 -0.450849
 -0.504945
 -0.534104
 -0.550944
 -0.560417
 -0.565093
 -0.566509
 -0.565666
 -0.563241
  -0.55971
 -0.555413
 -0.550596
 -0.545442
 -0.540086
 -0.534632
 -0.529154
  -0.52371
 -0.518341
 -0.513073
 -0.507921
 -0.502888
 -0.497967
 -0.493141
 -0.488383
 -0.483655
 -0.478909
 -0.474087
 -0.469118
 -0.463918
 -0.458388
 -0.452414
  -0.44586
 -0.438564
  -0.43033
 -0.420918
 -0.410026
 -0.397263
 -0.382108
 -0.363851
 -0.341491
 -0.313571
  -0.27791
 -0.231132
 -0.167899
-0.0797092
 0.0462874
  0.225059
  0.455795
  0.689443
  0.854186
  0.913456
  0.906369
  0.875917
  0.841633
  0.809846
  0.781932
  0.757691
   0.73652
  0.717794
  0.700969
  0.685606
  0.671359
  0.657956
  0.645192
  0.632905
  0.620975
   0.60931
  0.597841
  0.586518
    0.5753
   0.56416
  0.553075
  0.542027
     0.531
  0.519982
  0.508957
  0.497914
  0.486837
  0.475711
  0.464521
  0.453249
  0.441877
  0.430384
  0.418748
  0.406944
  0.394939
  0.382696
  0.370162
  0.357266
  0.343908
  0.329944
  0.315167
   0.29928
  0.281856
  0.262284
  0.239623
  0.212261
  0.168264
 -0.363944
 -0.429289
