 0.768132
-0.315538
-0.436377
-0.488385
-0.516447
-0.532578
-0.541497
-0.545665
-0.546569
-0.545188
-0.542196
-0.538074
-0.533169
-0.527739
-0.521976
-0.516026
-0.510002
 -0.50399
-0.498054
-0.492243
-0.486592
-0.481123
-0.475846
 -0.47076
-0.465855
 -0.46111
-0.456493
-0.451963
-0.447465
-0.442936
-0.438295
-0.433451
-0.428292
 -0.42269
-0.416486
-0.409494
 -0.40148
-0.392151
-0.381129
-0.367913
-0.351819
 -0.33188
-0.306697
-0.274165
 -0.23103
-0.172127
-0.089196
0.0303475
 0.201473
 0.424544
 0.653388
  0.81805
 0.881432
 0.879889
 0.854723
 0.825043
 0.797206
 0.772712
 0.751471
 0.732966
  0.71663
 0.701965
 0.688562
 0.676096
 0.664311
  0.65301
 0.642044
 0.631298
 0.620685
 0.610141
 0.599621
  0.58909
 0.578525
 0.567907
 0.557224
 0.546467
 0.535628
 0.524699
 0.513673
 0.502543
 0.491301
 0.479936
 0.468439
 0.456799
 0.445001
  0.43303
 0.420867
 0.408488
  0.39586
 0.382938
 0.369656
  0.35592
 0.341592
  0.32647
 0.310257
 0.292517
 0.272605
 0.249478
 0.221184
 0.174739
-0.372055
-0.396077
