  0.728756
 -0.308841
 -0.422079
 -0.470602
 -0.496705
 -0.511581
 -0.519617
 -0.523101
  -0.52343
  -0.52153
 -0.518049
 -0.513453
 -0.508088
  -0.50221
 -0.496017
  -0.48966
 -0.483257
 -0.476901
 -0.470664
 -0.464601
 -0.458755
 -0.453153
 -0.447812
 -0.442738
 -0.437928
 -0.433367
  -0.42903
 -0.424881
 -0.420873
 -0.416947
 -0.413032
 -0.409041
 -0.404871
 -0.400399
 -0.395477
 -0.389927
 -0.383528
 -0.376002
 -0.366993
 -0.356025
 -0.342453
 -0.325365
 -0.303439
 -0.274683
 -0.236013
 -0.182506
 -0.106241
0.00500066
  0.166184
  0.379262
  0.601931
  0.766654
  0.835578
  0.841348
  0.823023
  0.799189
  0.776276
  0.755969
  0.738343
  0.723008
  0.709486
  0.697343
  0.686216
  0.675811
  0.665899
    0.6563
  0.646876
  0.637525
  0.628168
  0.618749
  0.609229
  0.599579
  0.589782
  0.579827
  0.569706
  0.559417
  0.548958
  0.538328
  0.527527
  0.516553
  0.505405
  0.494081
  0.482576
  0.470886
  0.459003
  0.446919
  0.434622
  0.422093
  0.409307
  0.396225
   0.38279
  0.368916
  0.354476
  0.339278
  0.323035
  0.305319
  0.285469
  0.262378
  0.233791
  0.185795
 -0.374527
 -0.354229
