  0.677221
 -0.304894
  -0.40828
 -0.452116
 -0.475521
 -0.488678
 -0.495557
 -0.498227
 -0.497954
 -0.495585
 -0.491721
   -0.4868
 -0.481148
 -0.475016
 -0.468598
 -0.462045
 -0.455479
 -0.448996
 -0.442673
 -0.436571
 -0.430736
 -0.425204
 -0.419998
  -0.41513
 -0.410603
 -0.406409
 -0.402529
 -0.398935
 -0.395587
 -0.392433
  -0.38941
 -0.386438
 -0.383425
 -0.380255
 -0.376794
 -0.372875
 -0.368294
 -0.362796
 -0.356048
 -0.347615
 -0.336899
 -0.323062
 -0.304881
 -0.280513
 -0.247086
  -0.19999
 -0.131728
-0.0305401
  0.118555
  0.319545
   0.53497
   0.70018
  0.776276
  0.791226
  0.781342
  0.764607
  0.747584
  0.732214
  0.718799
  0.707114
  0.696803
  0.687518
  0.678957
  0.670871
  0.663063
  0.655379
  0.647698
  0.639933
  0.632017
  0.623905
  0.615565
  0.606978
  0.598131
  0.589022
  0.579651
   0.57002
  0.560136
  0.550003
  0.539628
  0.529016
  0.518172
  0.507101
  0.495803
  0.484281
  0.472535
   0.46056
  0.448352
  0.435898
  0.423179
  0.410166
  0.396809
  0.383034
  0.368726
   0.35371
  0.337717
  0.320335
  0.300912
  0.278293
   0.24996
  0.201131
 -0.372621
   -0.3046
