 0.616123
-0.303357
-0.395091
-0.433293
-0.453435
-0.464537
-0.470083
-0.471882
-0.471039
-0.468302
-0.464203
-0.459137
-0.453406
-0.447242
 -0.44083
-0.434319
-0.427828
-0.421456
-0.415281
-0.409369
-0.403771
-0.398528
-0.393668
 -0.38921
-0.385163
-0.381525
-0.378286
-0.375424
-0.372907
-0.370691
-0.368722
-0.366929
 -0.36523
-0.363523
-0.361685
-0.359567
-0.356986
 -0.35371
-0.349445
-0.343797
-0.336234
-0.326003
-0.312004
-0.292572
-0.265094
 -0.22533
-0.166286
-0.076734
0.0583686
 0.245503
  0.45298
 0.619397
 0.704442
 0.730484
 0.730626
 0.722207
 0.711997
 0.702272
 0.693618
 0.686021
 0.679278
 0.673148
 0.667406
  0.66186
 0.656355
 0.650766
 0.644999
 0.638983
 0.632667
 0.626019
 0.619017
 0.611651
 0.603918
 0.595821
  0.58737
 0.578573
 0.569444
 0.559994
 0.550236
 0.540182
 0.529842
 0.519227
 0.508345
 0.497203
 0.485806
 0.474157
 0.462255
 0.450095
 0.437664
 0.424941
 0.411887
 0.398438
 0.384495
 0.369901
 0.354413
 0.337643
 0.318954
 0.297166
 0.269504
 0.220329
-0.368011
-0.248112
