  0.548436
 -0.303608
  -0.38241
 -0.414342
 -0.430876
 -0.439753
 -0.443918
 -0.444888
 -0.443585
 -0.440638
 -0.436499
 -0.431511
 -0.425938
 -0.419992
 -0.413842
 -0.407629
 -0.401469
 -0.395459
  -0.38968
 -0.384199
 -0.379072
 -0.374343
 -0.370046
 -0.366206
 -0.362837
 -0.359946
 -0.357529
 -0.355571
 -0.354048
 -0.352927
 -0.352161
 -0.351692
 -0.351447
 -0.351339
 -0.351262
 -0.351085
  -0.35065
 -0.349756
 -0.348149
 -0.345488
 -0.341315
 -0.334977
 -0.325517
 -0.311476
 -0.290533
 -0.258875
 -0.210071
 -0.133473
-0.0139135
   0.15803
  0.357259
  0.525859
  0.621684
  0.660661
   0.67231
   0.67332
  0.670749
  0.667288
  0.663867
  0.660727
  0.657844
  0.655107
  0.652383
  0.649548
  0.646495
   0.64314
  0.639415
  0.635273
  0.630681
   0.62562
  0.620082
  0.614067
  0.607581
  0.600638
  0.593253
  0.585444
  0.577229
  0.568628
  0.559659
  0.550341
   0.54069
  0.530722
   0.52045
  0.509885
  0.499039
   0.48792
  0.476531
  0.464873
  0.452941
  0.440719
  0.428179
   0.41527
  0.401907
  0.387956
  0.373197
  0.357272
  0.339566
  0.318872
   0.29215
  0.242829
 -0.362694
 -0.185742
