  0.477451
 -0.304746
 -0.369923
  -0.39531
 -0.408155
 -0.414835
 -0.417723
 -0.418019
 -0.416453
  -0.41352
 -0.409587
 -0.404933
 -0.399785
 -0.394325
 -0.388708
 -0.383061
 -0.377496
 -0.372107
 -0.366974
 -0.362167
 -0.357743
 -0.353751
  -0.35023
  -0.34721
 -0.344711
 -0.342747
  -0.34132
 -0.340424
 -0.340043
 -0.340153
 -0.340718
  -0.34169
  -0.34301
 -0.344606
 -0.346389
 -0.348252
 -0.350062
 -0.351654
 -0.352819
 -0.353277
  -0.35265
 -0.350399
 -0.345725
 -0.337394
  -0.32341
  -0.30042
 -0.262603
 -0.199917
-0.0969858
 0.0589564
  0.250066
  0.422003
  0.530349
  0.583897
  0.608319
  0.619677
  0.625407
  0.628691
  0.630858
  0.632439
  0.633618
   0.63443
   0.63485
   0.63483
   0.63432
  0.633279
  0.631674
  0.629481
  0.626689
  0.623296
  0.619307
  0.614734
  0.609596
  0.603913
  0.597709
   0.59101
  0.583841
  0.576228
  0.568197
   0.55977
  0.550969
  0.541816
  0.532328
  0.522521
   0.51241
  0.502008
  0.491324
  0.480362
  0.469124
  0.457601
  0.445773
    0.4336
  0.421014
  0.407899
   0.39406
  0.379166
  0.362618
  0.343176
   0.31749
  0.267893
 -0.358938
 -0.118512
