  0.406782
 -0.305594
 -0.357126
 -0.376112
 -0.385484
 -0.390215
 -0.392093
 -0.391993
 -0.390445
 -0.387811
 -0.384368
 -0.380334
 -0.375893
   -0.3712
 -0.366388
 -0.361576
 -0.356866
 -0.352349
 -0.348105
 -0.344203
 -0.340704
 -0.337659
 -0.335111
 -0.333096
  -0.33164
 -0.330762
 -0.330472
 -0.330771
 -0.331653
 -0.333101
  -0.33509
 -0.337585
 -0.340541
 -0.343901
 -0.347596
 -0.351541
 -0.355635
 -0.359749
 -0.363723
 -0.367343
 -0.370318
 -0.372229
 -0.372447
 -0.369976
 -0.363164
 -0.349138
 -0.322711
 -0.274446
 -0.188665
 -0.048938
   0.13459
  0.311089
  0.433453
  0.502853
  0.540975
  0.563321
  0.577785
  0.588106
  0.596057
   0.60249
  0.607817
  0.612234
  0.615832
  0.618649
  0.620698
  0.621984
   0.62251
  0.622283
  0.621314
  0.619618
  0.617216
  0.614133
  0.610398
  0.606042
  0.601096
  0.595594
   0.58957
  0.583053
  0.576076
  0.568667
  0.560852
  0.552657
  0.544103
  0.535211
  0.525999
  0.516483
  0.506676
  0.496587
  0.486222
  0.475577
   0.46464
  0.453382
  0.441746
  0.429632
  0.416865
  0.403133
  0.387841
  0.369684
   0.34493
  0.294546
 -0.359265
-0.0475174
