   0.374555
   -0.29762
   -0.34301
  -0.359168
  -0.366963
  -0.370751
  -0.372068
  -0.371661
   -0.36998
  -0.367339
  -0.363979
  -0.360094
  -0.355851
  -0.351391
  -0.346837
  -0.342299
  -0.337873
  -0.333643
  -0.329683
  -0.326059
  -0.322828
  -0.320036
  -0.317726
  -0.315927
  -0.314665
  -0.313956
  -0.313808
  -0.314218
  -0.315179
  -0.316671
  -0.318665
  -0.321122
  -0.323993
  -0.327215
  -0.330712
  -0.334392
   -0.33814
  -0.341814
  -0.345235
  -0.348165
  -0.350278
  -0.351112
  -0.349973
  -0.345781
  -0.336765
   -0.31989
   -0.28978
  -0.236879
  -0.145843
-0.00194346
    0.18176
   0.353839
   0.468919
   0.531188
   0.563584
   0.581577
   0.592738
   0.600514
   0.606461
   0.611283
   0.615289
   0.618604
   0.621267
   0.623279
   0.624626
   0.625293
   0.625269
   0.624546
   0.623128
   0.621023
   0.618246
   0.614819
   0.610766
   0.606117
   0.600902
   0.595155
   0.588907
   0.582191
   0.575038
   0.567479
   0.559541
   0.551251
   0.542634
    0.53371
     0.5245
    0.51502
   0.505284
   0.495303
    0.48508
   0.474614
   0.463892
   0.452886
   0.441542
   0.429766
   0.417388
   0.404106
    0.38933
   0.371749
   0.347528
   0.297414
  -0.355124
  -0.019431
