 0.340387
-0.304759
-0.343396
-0.356592
-0.363029
-0.366292
-0.367585
-0.367475
-0.366297
-0.364291
-0.361648
-0.358529
-0.355078
-0.351422
-0.347679
-0.343953
-0.340341
-0.336928
-0.333793
-0.331006
-0.328628
-0.326715
-0.325312
 -0.32446
 -0.32419
-0.324527
-0.325488
-0.327081
-0.329308
-0.332162
-0.335628
-0.339683
-0.344296
-0.349426
-0.355024
-0.361031
-0.367375
-0.373967
-0.380698
-0.387422
-0.393937
-0.399949
-0.405002
-0.408346
-0.408676
-0.403606
-0.388577
-0.354734
-0.286004
-0.162087
0.0147528
 0.196989
 0.334472
 0.420514
 0.472833
 0.506451
 0.529799
 0.547221
 0.560965
 0.572222
 0.581646
 0.589606
 0.596314
 0.601897
 0.606436
 0.609985
 0.612588
 0.614279
 0.615095
 0.615069
 0.614239
 0.612644
 0.610323
 0.607316
 0.603665
 0.599409
 0.594589
 0.589241
 0.583403
 0.577106
 0.570382
 0.563259
 0.555764
 0.547919
 0.539745
 0.531261
 0.522483
 0.513422
 0.504088
 0.494482
 0.484596
 0.474408
 0.463868
 0.452888
 0.441301
   0.4288
 0.414767
 0.397788
 0.373629
 0.321511
-0.366392
 0.026005
