  0.28249
-0.300816
-0.328161
-0.336666
-0.341023
-0.343497
-0.344761
  -0.3451
-0.344685
-0.343649
-0.342112
-0.340188
-0.337988
-0.335616
-0.333173
-0.330754
-0.328447
-0.326336
-0.324497
-0.322998
-0.321904
 -0.32127
-0.321147
-0.321578
  -0.3226
-0.324241
-0.326526
 -0.32947
-0.333082
-0.337363
 -0.34231
-0.347909
-0.354145
-0.360992
-0.368422
-0.376399
-0.384884
-0.393826
-0.403167
-0.412828
-0.422698
-0.432607
-0.442269
-0.451176
-0.458363
-0.461919
-0.457887
-0.437943
-0.385541
-0.276439
-0.105121
0.0838527
 0.237035
  0.33993
 0.406439
 0.451218
 0.483287
 0.507624
 0.526963
 0.542849
 0.556179
 0.567495
 0.577135
 0.585319
 0.592193
 0.597865
 0.602415
 0.605912
 0.608413
 0.609976
 0.610651
 0.610491
 0.609547
 0.607868
 0.605505
 0.602504
 0.598911
 0.594769
 0.590119
 0.584997
 0.579437
 0.573473
 0.567131
 0.560437
 0.553415
 0.546084
 0.538461
 0.530562
 0.522395
 0.513963
 0.505262
  0.49627
 0.486941
 0.477185
 0.466832
 0.455555
 0.442678
 0.426606
 0.402446
 0.347185
 -0.38302
  0.10053
