  0.237218
 -0.292646
 -0.311149
   -0.3165
 -0.319871
  -0.32237
 -0.324221
 -0.325488
 -0.326218
 -0.326468
 -0.326308
 -0.325817
 -0.325082
 -0.324192
 -0.323233
 -0.322293
 -0.321454
 -0.320796
 -0.320391
 -0.320309
 -0.320614
 -0.321364
 -0.322611
 -0.324401
 -0.326774
 -0.329766
 -0.333403
 -0.337708
 -0.342696
 -0.348377
 -0.354756
 -0.361831
 -0.369599
 -0.378051
 -0.387177
 -0.396965
 -0.407405
 -0.418487
 -0.430198
 -0.442526
 -0.455448
 -0.468911
 -0.482793
 -0.496814
 -0.510332
 -0.521878
 -0.528052
 -0.520996
 -0.483634
 -0.387849
 -0.220728
-0.0242959
  0.144576
  0.263914
   0.34409
  0.399514
  0.439825
  0.470641
  0.495181
  0.515333
  0.532237
  0.546605
  0.558898
  0.569425
  0.578399
  0.585979
  0.592283
  0.597411
  0.601445
  0.604459
  0.606522
    0.6077
  0.608053
  0.607641
   0.60652
  0.604745
  0.602366
  0.599431
  0.595985
  0.592067
  0.587716
  0.582964
  0.577842
  0.572376
   0.56659
  0.560506
  0.554139
  0.547505
  0.540611
  0.533461
  0.526046
  0.518341
  0.510294
  0.501801
   0.49267
  0.482524
  0.470577
  0.454961
  0.429942
  0.369713
 -0.411308
   0.17409
