 0.207839
-0.279859
-0.292633
-0.296633
-0.300212
-0.303563
 -0.30659
-0.309213
-0.311409
-0.313194
-0.314613
-0.315727
-0.316608
-0.317333
-0.317981
-0.318632
-0.319364
-0.320252
-0.321368
-0.322779
-0.324549
-0.326736
-0.329394
-0.332571
 -0.33631
-0.340648
-0.345618
-0.351247
-0.357555
 -0.36456
-0.372274
-0.380706
-0.389863
-0.399752
 -0.41038
-0.421758
-0.433902
-0.446837
  -0.4606
-0.475237
-0.490804
-0.507359
 -0.52493
-0.543446
-0.562559
  -0.5812
-0.596462
-0.600877
-0.576804
-0.492471
-0.328192
-0.123941
0.0600044
 0.194773
 0.287609
 0.352787
 0.400578
 0.437214
 0.466381
 0.490292
 0.510318
 0.527331
 0.541908
 0.554444
 0.565215
 0.574426
 0.582235
 0.588768
 0.594132
 0.598419
 0.601713
  0.60409
 0.605623
 0.606379
 0.606422
  0.60581
   0.6046
 0.602843
 0.600587
 0.597874
 0.594744
  0.59123
 0.587365
 0.583174
 0.578681
 0.573905
 0.568863
 0.563566
  0.55802
  0.55222
 0.546153
 0.539781
 0.533034
 0.525782
 0.517785
  0.50858
  0.49721
  0.48144
   0.4545
 0.387252
-0.452068
 0.244229
