   0.19579
 -0.263056
 -0.273484
 -0.277936
  -0.28283
 -0.287748
 -0.292422
  -0.29672
 -0.300602
 -0.304079
 -0.307193
 -0.310002
 -0.312572
 -0.314975
 -0.317284
 -0.319575
  -0.32192
  -0.32439
 -0.327055
 -0.329981
 -0.333228
 -0.336856
 -0.340917
 -0.345461
 -0.350533
 -0.356171
  -0.36241
 -0.369282
 -0.376811
  -0.38502
 -0.393928
 -0.403553
 -0.413912
 -0.425023
 -0.436912
 -0.449607
 -0.463151
   -0.4776
 -0.493032
 -0.509548
 -0.527276
 -0.546371
 -0.566994
  -0.58926
 -0.613076
 -0.637721
 -0.660709
 -0.674884
  -0.66204
 -0.587088
 -0.424389
 -0.212365
-0.0145315
  0.134131
  0.238206
  0.311939
  0.366212
  0.407832
  0.440911
  0.467961
  0.490563
  0.509736
  0.526163
  0.540315
  0.552528
   0.56305
  0.572072
  0.579748
  0.586205
  0.591553
  0.595888
  0.599299
  0.601867
  0.603665
  0.604764
  0.605228
  0.605115
  0.604481
  0.603374
  0.601839
  0.599916
  0.597638
  0.595038
  0.592139
  0.588964
   0.58553
  0.581848
  0.577926
   0.57376
  0.569339
  0.564635
   0.55959
  0.554106
  0.548007
   0.54098
  0.532438
  0.521197
   0.50456
  0.474575
  0.398377
 -0.503999
  0.308209
