 0.200056
-0.243722
-0.254949
-0.261385
-0.268451
-0.275443
-0.282069
-0.288222
-0.293894
-0.299121
-0.303959
-0.308474
-0.312733
-0.316808
-0.320768
-0.324685
-0.328626
-0.332659
 -0.33685
 -0.34126
 -0.34595
-0.350974
-0.356387
-0.362235
-0.368564
-0.375413
-0.382819
-0.390815
-0.399429
-0.408687
-0.418614
-0.429234
-0.440573
-0.452661
-0.465534
 -0.47924
-0.493844
-0.509429
-0.526108
 -0.54403
-0.563385
-0.584411
-0.607385
-0.632575
-0.660107
-0.689547
-0.718756
-0.740815
-0.736986
-0.669303
-0.507124
-0.287786
 -0.07774
0.0828597
  0.19644
 0.277304
 0.336897
 0.382539
  0.41872
 0.448215
 0.472787
 0.493586
 0.511387
 0.526729
 0.539999
 0.551483
 0.561405
 0.569939
 0.577232
 0.583409
 0.588579
 0.592838
 0.596276
 0.598973
 0.601003
 0.602433
 0.603327
 0.603738
 0.603719
 0.603313
 0.602559
 0.601491
 0.600138
 0.598522
 0.596661
 0.594568
 0.592249
 0.589701
 0.586913
 0.583857
 0.580485
 0.576714
 0.572401
 0.567311
 0.561033
 0.552823
 0.541226
 0.523023
 0.489011
 0.402475
-0.563524
 0.363468
