   0.2174
-0.223773
-0.238289
-0.247784
-0.257548
-0.266881
-0.275585
 -0.28364
-0.291102
 -0.29805
-0.304566
-0.310731
 -0.31662
-0.322303
 -0.32785
-0.333327
-0.338798
-0.344326
-0.349972
-0.355794
-0.361847
-0.368185
-0.374857
 -0.38191
-0.389387
-0.397327
-0.405767
-0.414739
-0.424274
  -0.4344
-0.445146
 -0.45654
-0.468617
-0.481412
-0.494976
 -0.50937
-0.524675
-0.540999
-0.558486
-0.577323
-0.597752
 -0.62008
-0.644675
-0.671934
-0.702157
 -0.73514
-0.769017
-0.797038
-0.800001
-0.737579
-0.575137
-0.349337
-0.129138
0.0411474
 0.162296
 0.248727
 0.312381
 0.361017
 0.399442
 0.430653
 0.456565
 0.478436
 0.497119
 0.513212
 0.527144
 0.539236
 0.549733
 0.558834
   0.5667
 0.573468
 0.579257
 0.584172
 0.588307
 0.591748
 0.594573
  0.59685
 0.598644
 0.600011
    0.601
 0.601656
 0.602015
 0.602109
 0.601963
 0.601595
 0.601019
 0.600239
 0.599253
 0.598048
 0.596599
 0.594859
 0.592753
 0.590162
 0.586894
 0.582636
 0.576864
 0.568658
 0.556267
 0.535943
 0.497275
 0.399889
-0.625477
 0.408077
