  0.243313
  -0.20506
 -0.224489
 -0.237612
  -0.25027
 -0.261987
 -0.272742
 -0.282635
 -0.291802
 -0.300375
 -0.308467
 -0.316177
 -0.323587
 -0.330772
 -0.337799
  -0.34473
 -0.351626
 -0.358544
 -0.365538
 -0.372663
 -0.379969
 -0.387504
 -0.395314
 -0.403444
 -0.411932
 -0.420817
 -0.430133
 -0.439912
 -0.450185
 -0.460981
 -0.472332
 -0.484268
 -0.496828
 -0.510057
 -0.524011
 -0.538764
 -0.554411
 -0.571081
 -0.588938
 -0.608203
 -0.629158
 -0.652163
 -0.677659
 -0.706141
 -0.738042
 -0.773334
  -0.81035
 -0.842465
 -0.850102
  -0.79113
 -0.627954
 -0.396887
 -0.168871
0.00866923
  0.135343
  0.225716
  0.292141
  0.342726
   0.38253
  0.414725
  0.441347
  0.463742
  0.482824
  0.499237
  0.513444
  0.525794
  0.536553
  0.545935
  0.554114
  0.561238
  0.567433
  0.572811
   0.57747
  0.581499
  0.584977
  0.587976
  0.590557
  0.592777
  0.594685
  0.596322
  0.597722
  0.598912
  0.599913
  0.600739
  0.601394
  0.601875
  0.602169
  0.602251
  0.602076
  0.601575
  0.600644
  0.599122
  0.596757
  0.593154
  0.587668
  0.579196
  0.565707
  0.542959
  0.499488
  0.391759
 -0.684247
  0.440934
