  0.273104
 -0.189068
  -0.21418
 -0.231041
 -0.246507
 -0.260472
 -0.273128
 -0.284709
 -0.295434
 -0.305486
 -0.315011
 -0.324124
 -0.332916
 -0.341463
 -0.349832
 -0.358081
 -0.366266
 -0.374438
 -0.382646
 -0.390936
 -0.399355
 -0.407946
  -0.41675
 -0.425805
 -0.435148
 -0.444813
 -0.454832
 -0.465236
 -0.476053
 -0.487313
 -0.499047
 -0.511289
  -0.52408
 -0.537468
 -0.551517
 -0.566308
 -0.581949
 -0.598581
 -0.616389
 -0.635614
  -0.65657
 -0.679655
 -0.705364
 -0.734261
 -0.766873
 -0.803295
    -0.842
 -0.876446
 -0.886801
 -0.829711
 -0.665633
 -0.430768
 -0.197449
-0.0151678
  0.114959
  0.207649
  0.275564
  0.327071
   0.36741
  0.399882
  0.426611
  0.449004
  0.468024
  0.484346
  0.498461
  0.510738
   0.52146
  0.530852
  0.539098
  0.546354
  0.552752
  0.558406
  0.563419
  0.567882
  0.571872
  0.575462
  0.578713
  0.581679
  0.584406
  0.586932
  0.589288
  0.591494
  0.593567
  0.595513
  0.597327
  0.598998
    0.6005
   0.60179
  0.602807
  0.603455
  0.603596
  0.603025
  0.601431
  0.598335
  0.592973
  0.584078
   0.56937
  0.544208
  0.496307
  0.379694
 -0.734761
  0.461657
