  0.302657
 -0.176843
 -0.207683
 -0.228033
 -0.246012
 -0.261952
 -0.276271
 -0.289327
 -0.301415
 -0.312765
 -0.323549
 -0.333895
 -0.343903
  -0.35365
 -0.363199
 -0.372607
 -0.381922
 -0.391189
 -0.400452
  -0.40975
 -0.419124
 -0.428609
 -0.438241
 -0.448055
 -0.458081
 -0.468349
 -0.478888
 -0.489725
 -0.500886
   -0.5124
 -0.524296
 -0.536609
  -0.54938
 -0.562662
 -0.576522
 -0.591047
 -0.606351
 -0.622586
 -0.639948
 -0.658695
  -0.67916
 -0.701767
 -0.727043
 -0.755597
 -0.788013
 -0.824458
 -0.863494
 -0.898636
 -0.909929
 -0.853385
 -0.688485
 -0.451486
 -0.215471
-0.0309816
  0.100545
   0.19396
  0.262126
  0.313567
  0.353639
  0.385717
  0.411983
  0.433882
  0.452408
  0.468258
  0.481941
  0.493839
  0.504247
  0.513397
  0.521481
  0.528659
  0.535066
   0.54082
  0.546024
  0.550768
  0.555132
  0.559183
  0.562983
  0.566581
   0.57002
  0.573334
  0.576548
  0.579678
  0.582732
  0.585708
  0.588595
  0.591368
  0.593987
  0.596395
  0.598508
  0.600207
  0.601318
  0.601594
  0.600665
  0.597976
  0.592662
  0.583319
  0.567482
  0.540228
  0.488735
  0.365459
 -0.773057
  0.470399
